{C3R1-X9RL82FS-8860PGDU},2010-01-04 15:13:50.0,BCD0482,Merritt.Abbot.Salinas@dtaa.com,,,Beck.Colin.Dean@dtaa.com,,23398,0
{M5A7-S4SZ44VQ-3872VYMV},2010-01-04 16:21:27.0,BCD0482,Jaquelyn.September.David@dtaa.com;Shellie.Medge.Jefferson@dtaa.com;Abigail.Brianna.Terrell@dtaa.com;Benjamin.Nicholas.Clark@northropgrumman.com,,,Beck.Colin.Dean@dtaa.com,,22069,2
{L0W1-T2JJ25WE-4387LSJO},2010-01-04 17:21:10.0,BCD0482,Jackson.John.Fleming@dtaa.com;Cole.Dorian.Gibbs@dtaa.com,,,Beck.Colin.Dean@dtaa.com,,22828,0
{H0U2-E5FZ92XX-2180KCKD},2010-01-05 09:20:06.0,BCD0482,Irma.Liberty.Burns@dtaa.com,,,Beck.Colin.Dean@dtaa.com,,21232,0
{D0R8-E1ET29IV-3226QBVO},2010-01-05 12:21:44.0,BCD0482,Sybill.Mercedes.Golden@dtaa.com;Molly.Eliana.Suarez@dtaa.com,,,Beck.Colin.Dean@dtaa.com,,21124,0
{H5D4-Z8MP10FV-1766MJBQ},2010-01-05 19:10:43.0,BCD0482,Malachi.Jakeem.Rush@dtaa.com;Ayanna.Yolanda.Nielsen@dtaa.com;Yen.Echo.Velez@dtaa.com,,,Beck.Colin.Dean@dtaa.com,,34817,0
{B0D3-F0TE14OH-1474RYCL},2010-01-06 14:40:39.0,BCD0482,Davis.Gareth.Cote@dtaa.com;Jonas.Lyle.Adams@gmail.com,,,Beck.Colin.Dean@dtaa.com,,31060,1
{Q6C7-X5UB64HC-8329FEWB},2010-01-06 16:11:31.0,BCD0482,Hilda.Freya.Jacobson@dtaa.com,,,Beck.Colin.Dean@dtaa.com,,42409,0
{B3P0-M4IR14GV-3307HLMK},2010-01-06 16:11:41.0,BCD0482,Ciara.Wynne.Acevedo@dtaa.com,,,Beck.Colin.Dean@dtaa.com,,30045,0
{C9S0-J2RL42QR-9815VODB},2010-01-07 09:37:48.0,BCD0482,Molly.Eliana.Suarez@dtaa.com;Shellie.Medge.Jefferson@dtaa.com,,,Beck.Colin.Dean@dtaa.com,,29799,1
{R7G2-U2PW48WW-8202UKDJ},2010-01-07 10:48:15.0,BCD0482,Blaine.Nora.Brown@dtaa.com,,,Beck.Colin.Dean@dtaa.com,,30307,0
{L3J5-T5XA67JQ-9764RKPV},2010-01-07 12:12:10.0,BCD0482,William.Vernon.Booth@dtaa.com;Sybill.Mercedes.Golden@dtaa.com;Ayanna.Yolanda.Nielsen@dtaa.com;Jonas.Lyle.Adams@gmail.com,,,Beck.Colin.Dean@dtaa.com,,23182,1
{I7D3-P3JH54XI-1757BXTE},2010-01-08 13:29:18.0,BCD0482,Blaine.Nora.Brown@dtaa.com,,,Beck.Colin.Dean@dtaa.com,,35299,0
{X6K5-B2IK74EN-1167LWQI},2010-01-08 15:13:20.0,BCD0482,Quyn.Tara.Patterson@dtaa.com;Jonas.Lyle.Adams@gmail.com,,,Beck.Colin.Dean@dtaa.com,,53799,1
{T9I0-D5QJ38PU-4704UAQK},2010-01-11 13:30:39.0,BCD0482,Jolene.Cameron.Jacobs@dtaa.com;Cole.Dorian.Gibbs@dtaa.com;Elvis.Hamilton.Sandoval@dtaa.com;Benjamin.Nicholas.Clark@northropgrumman.com,,,Beck.Colin.Dean@dtaa.com,,27011,1
{Z8V8-O2DI58PG-1806AZOD},2010-01-11 14:03:10.0,BCD0482,Jaquelyn.September.David@dtaa.com,,,Beck.Colin.Dean@dtaa.com,,55493,0
{W0K5-S7CV18IW-3080PGIH},2010-01-11 15:58:09.0,BCD0482,Quamar.Otto.Padilla@dtaa.com;Ashely.Kai.Bruce@dtaa.com;Jolene.Cameron.Jacobs@dtaa.com,,,Beck.Colin.Dean@dtaa.com,,16010,3
{I8G1-D4TO35VQ-0546XPNF},2010-01-12 09:36:36.0,BCD0482,Jaquelyn.September.David@dtaa.com,,,Beck.Colin.Dean@dtaa.com,,33987,1
{Z3N6-D2NN99OC-0688SULR},2010-01-12 16:53:14.0,BCD0482,Jonas.Lyle.Adams@gmail.com,,,Beck.Colin.Dean@dtaa.com,,25121,0
{Z7P0-D2VQ85QD-6741WDOK},2010-01-12 18:58:25.0,BCD0482,Anne.Zia.Hawkins@dtaa.com;Jolene.Cameron.Jacobs@dtaa.com,,,Beck.Colin.Dean@dtaa.com,,28779,0
{C4D8-K4XE72DE-8724GCVA},2010-01-13 11:22:09.0,BCD0482,Davis.Gareth.Cote@dtaa.com,,,Beck.Colin.Dean@dtaa.com,,23160,0
{T6S5-U8RZ15SK-7176ELYO},2010-01-14 09:47:33.0,BCD0482,Emerald.Bree.Hart@dtaa.com;Elvis.Hamilton.Sandoval@dtaa.com;Cole.Dorian.Gibbs@dtaa.com;Joelle.Bryar.Carver@bellsouth.net,,,Beck.Colin.Dean@dtaa.com,,14719,0
{V2H7-O7PY29EK-5566KTNB},2010-01-14 11:14:02.0,BCD0482,Eagan.Chase.Pratt@dtaa.com,,,Beck.Colin.Dean@dtaa.com,,24467,0
{X5O8-B6ZW21LR-9163IVID},2010-01-14 17:15:13.0,BCD0482,Abigail.Brianna.Terrell@dtaa.com,,,Beck.Colin.Dean@dtaa.com,,24524,0
{B1G4-Y7CM20PS-4592WTYT},2010-01-15 17:04:12.0,BCD0482,Jaquelyn.September.David@dtaa.com;Hamilton.Donovan.Waller@dtaa.com;Kane.Julian.Burgess@dtaa.com,,,Beck.Colin.Dean@dtaa.com,,35768,0
{J5N7-J3NS62HG-6667NXGJ},2010-01-18 09:16:47.0,BCD0482,Ayanna.Yolanda.Nielsen@dtaa.com;Malachi.Jakeem.Rush@dtaa.com,,,Beck.Colin.Dean@dtaa.com,,42362,1
{C0D7-E1XU17IN-4989JRPY},2010-01-18 10:59:50.0,BCD0482,Jolene.Cameron.Jacobs@dtaa.com;Nash.Derek.Alford@dtaa.com;Blaine.Nora.Brown@dtaa.com,,,Beck.Colin.Dean@dtaa.com,,46342,4
{I7P8-Z2PD29IV-1363YGBC},2010-01-18 15:51:38.0,BCD0482,Jaquelyn.September.David@dtaa.com,,,Beck.Colin.Dean@dtaa.com,,22580,0
{E3T2-Z7TH13TV-5874LGVS},2010-01-19 10:11:48.0,BCD0482,Yardley.Caleb.Sawyer@dtaa.com,,,Beck.Colin.Dean@dtaa.com,,64466,0
{A9M1-Z0TA84PS-1572SJHR},2010-01-19 16:12:25.0,BCD0482,Hamilton.Donovan.Waller@dtaa.com;Kane.Julian.Burgess@dtaa.com,,,Beck.Colin.Dean@dtaa.com,,36815,1
{G8F6-E8IG42JB-5264VJWG},2010-01-19 17:51:43.0,BCD0482,Joelle.Bryar.Carver@bellsouth.net;Jonas.Lyle.Adams@gmail.com,,,Beck.Colin.Dean@dtaa.com,,36878,0
{A2C0-C6EI98FO-8709JRBM},2010-01-20 11:11:41.0,BCD0482,Elvis.Hamilton.Sandoval@dtaa.com,,,Beck.Colin.Dean@dtaa.com,,26710,0
{T8R8-Q7WL08NH-4217QCSF},2010-01-20 15:09:38.0,BCD0482,Kitra.MacKensie.Dillon@dtaa.com,,,Beck.Colin.Dean@dtaa.com,,35066,0
{R0X4-H6FC79TT-7011KHIR},2010-01-20 16:04:27.0,BCD0482,Macy.Imani.Mclean@dtaa.com;Shellie.Medge.Jefferson@dtaa.com;Merritt.Abbot.Salinas@dtaa.com,,,Beck.Colin.Dean@dtaa.com,,39067,2
{H7C6-S8PD83FF-8259RTGA},2010-01-21 10:34:56.0,BCD0482,Molly.Eliana.Suarez@dtaa.com;Sybill.Mercedes.Golden@dtaa.com;Mason.Wang.Goodwin@sbcglobal.net,,,Beck.Colin.Dean@dtaa.com,,21025,2
{B0R7-L2DI50AQ-5267DQNC},2010-01-21 15:44:08.0,BCD0482,Irma.Liberty.Burns@dtaa.com,,,Beck.Colin.Dean@dtaa.com,,31074,0
{H5G0-K6VZ54RB-6865GAKV},2010-01-22 14:16:30.0,BCD0482,Blaine.Nora.Brown@dtaa.com,,,Beck.Colin.Dean@dtaa.com,,24616,1
{K3D4-C6ZX29HA-5133QUKP},2010-01-22 15:12:14.0,BCD0482,Sybill.Mercedes.Golden@dtaa.com,,,Beck.Colin.Dean@dtaa.com,,22392,0
{W3L9-M9WD66CC-9141AZQS},2010-01-25 10:20:03.0,BCD0482,William.Vernon.Booth@dtaa.com;Joelle.Bryar.Carver@bellsouth.net,,,Beck.Colin.Dean@dtaa.com,,44448,2
{V8S2-T5WG82NA-9492PLCX},2010-01-25 11:40:24.0,BCD0482,Cole.Dorian.Gibbs@dtaa.com,,,Beck.Colin.Dean@dtaa.com,,36729,0
{F1O7-Z0BO10MI-5234PLBN},2010-01-25 14:31:09.0,BCD0482,Yardley.Caleb.Sawyer@dtaa.com;Abigail.Brianna.Terrell@dtaa.com;Jonas.Lyle.Adams@gmail.com,,,Beck.Colin.Dean@dtaa.com,,14753,2
{O5J2-A8IR27BZ-1022MSSA},2010-01-26 10:38:50.0,BCD0482,Yardley.Caleb.Sawyer@dtaa.com,,,Beck.Colin.Dean@dtaa.com,,20893,0
{H1W6-S8PD84UT-4651JOZP},2010-01-26 11:50:45.0,BCD0482,Damon.Hyatt.Boyle@dtaa.com,,,Beck.Colin.Dean@dtaa.com,,30900,3
{E6L1-O6EC92XS-4060ALBY},2010-01-26 13:44:00.0,BCD0482,Tanya.Blaine.Ferrell@dtaa.com;William.Vernon.Booth@dtaa.com,,,Beck.Colin.Dean@dtaa.com,,42939,1
{D0T1-I5EU60FV-0189BLGL},2010-01-27 10:16:25.0,BCD0482,Jolene.Cameron.Jacobs@dtaa.com;Davis.Gareth.Cote@dtaa.com;Alden.Justin.Roberts@sbcglobal.net,,,Beck.Colin.Dean@dtaa.com,,16125,6
{A4T7-P5QS55JN-3620OIOA},2010-01-27 10:57:01.0,BCD0482,Hector.Jonah.Kim@dtaa.com,,,Beck.Colin.Dean@dtaa.com,,28102,0
{X3I9-E7FG96JL-8822DTBA},2010-01-27 14:45:12.0,BCD0482,Shellie.Medge.Jefferson@dtaa.com,,,Beck.Colin.Dean@dtaa.com,,20846,0
{O0B3-T3TQ99TP-1816NXEM},2010-01-28 10:54:19.0,BCD0482,Quamar.Otto.Padilla@dtaa.com;Cole.Dorian.Gibbs@dtaa.com,,,Beck.Colin.Dean@dtaa.com,,24560,1
{F5U1-S4CT21XL-3066IWAM},2010-01-28 16:54:34.0,BCD0482,Hamilton.Donovan.Waller@dtaa.com,,,Beck.Colin.Dean@dtaa.com,,18494,0
{D5R7-O3EI02OD-2504YGTF},2010-01-28 18:38:59.0,BCD0482,Shellie.Medge.Jefferson@dtaa.com;Davis.Gareth.Cote@dtaa.com;Malachi.Jakeem.Rush@dtaa.com,,,Beck.Colin.Dean@dtaa.com,,27944,0
{I6C6-E9CD34UT-5748QXQA},2010-01-29 10:57:07.0,BCD0482,Molly.Eliana.Suarez@dtaa.com;Benjamin.Nicholas.Clark@northropgrumman.com,,,Beck.Colin.Dean@dtaa.com,,37493,3
{O9Y4-C0SE15ZT-2575CWWP},2010-01-29 13:15:10.0,BCD0482,Hanna.Miranda.Lindsay@dtaa.com,,,Beck.Colin.Dean@dtaa.com,,30325,0
{X0Q1-F0EO27OK-9950KKZT},2010-01-29 15:43:10.0,BCD0482,Ayanna.Yolanda.Nielsen@dtaa.com,,,Beck.Colin.Dean@dtaa.com,,19430,0
{A9F9-G5WR65LX-7612FXTG},2010-02-01 09:33:55.0,BCD0482,Hamilton.Donovan.Waller@dtaa.com;Alden.Justin.Roberts@sbcglobal.net,,,Beck.Colin.Dean@dtaa.com,,37346,0
{O1A1-E1QX75VL-4103IVAN},2010-02-01 11:24:31.0,BCD0482,Yardley.Caleb.Sawyer@dtaa.com;Ayanna.Yolanda.Nielsen@dtaa.com;Irma.Liberty.Burns@dtaa.com;Alden.Justin.Roberts@sbcglobal.net,,,Beck.Colin.Dean@dtaa.com,,15514,0
{I0R7-I0AF48AM-8426OWWA},2010-02-01 18:49:36.0,BCD0482,Ferdinand.Leonard.Roth@dtaa.com;Lara.Melodie.Mosley@netzero.com,,,Beck.Colin.Dean@dtaa.com,,48339,0
{K7H9-B1HY74VI-2511PRLB},2010-02-02 10:43:12.0,BCD0482,Blaine.Nora.Brown@dtaa.com;Hanna.Miranda.Lindsay@dtaa.com;Davis.Gareth.Cote@dtaa.com;Jaquelyn.September.David@dtaa.com;Hector.Jonah.Kim@dtaa.com,,,Beck.Colin.Dean@dtaa.com,,23714,1
{I3O7-V3IL82PW-8352ITKS},2010-02-02 16:13:12.0,BCD0482,Hector.Jonah.Kim@dtaa.com;Blaine.Nora.Brown@dtaa.com,,,Beck.Colin.Dean@dtaa.com,,15073,0
{X9J8-T2QK08HL-0585CBEK},2010-02-02 17:34:28.0,BCD0482,Molly.Eliana.Suarez@dtaa.com;Jolene.Cameron.Jacobs@dtaa.com;Cole.Dorian.Gibbs@dtaa.com,,,Beck.Colin.Dean@dtaa.com,,19250,1
{E1V2-M2CI51TD-4887MFEH},2010-02-03 18:17:26.0,BCD0482,Jolene.Cameron.Jacobs@dtaa.com,,,Beck.Colin.Dean@dtaa.com,,23981,0
{M9Q8-O1PX03ML-3736FDKU},2010-02-03 18:54:23.0,BCD0482,Irma.Liberty.Burns@dtaa.com,,,Beck.Colin.Dean@dtaa.com,,28958,1
{U2V5-E2KR88UO-3843HEXD},2010-02-04 12:20:26.0,BCD0482,Irma.Liberty.Burns@dtaa.com;Ferdinand.Leonard.Roth@dtaa.com;Hamilton.Donovan.Waller@dtaa.com;Ayanna.Yolanda.Nielsen@dtaa.com,,,Beck.Colin.Dean@dtaa.com,,25161,1
{B5D4-T2YF39RL-5241IHZE},2010-02-04 13:23:01.0,BCD0482,Ferdinand.Leonard.Roth@dtaa.com;Shellie.Medge.Jefferson@dtaa.com;Benjamin.Nicholas.Clark@northropgrumman.com,,,Beck.Colin.Dean@dtaa.com,,27097,1
{R3C6-X5CT68KH-7586MFJV},2010-02-04 18:49:53.0,BCD0482,Cole.Dorian.Gibbs@dtaa.com;Quyn.Tara.Patterson@dtaa.com;Yardley.Caleb.Sawyer@dtaa.com,,,Beck.Colin.Dean@dtaa.com,,27781,0
{W7Y8-O9QH53KE-7669STJJ},2010-02-05 09:24:46.0,BCD0482,Merritt.Abbot.Salinas@dtaa.com,,,Beck.Colin.Dean@dtaa.com,,29155,0
{L8F5-E6MK67WD-4636VUJV},2010-02-05 18:31:21.0,BCD0482,Shafira.Jenette.Fowler@dtaa.com;Quyn.Tara.Patterson@dtaa.com;Jolene.Cameron.Jacobs@dtaa.com;Yardley.Caleb.Sawyer@dtaa.com,,,Beck.Colin.Dean@dtaa.com,,31401,1
{C9J6-I2QY37KY-9251UOUH},2010-02-05 18:38:15.0,BCD0482,Malachi.Jakeem.Rush@dtaa.com,,,Beck.Colin.Dean@dtaa.com,,29374,1
{S6J7-I2TY04FO-3982FIBT},2010-02-08 12:53:05.0,BCD0482,Merritt.Abbot.Salinas@dtaa.com;Davis.Gareth.Cote@dtaa.com,,,Beck.Colin.Dean@dtaa.com,,38259,0
{H4A4-N4DH45KS-8226YATC},2010-02-08 14:10:36.0,BCD0482,Irma.Liberty.Burns@dtaa.com;Hamilton.Donovan.Waller@dtaa.com,,,Beck.Colin.Dean@dtaa.com,,26643,0
{L0K8-N5JW07LJ-0157BYWV},2010-02-08 15:32:16.0,BCD0482,Kendall.Nevada.Coffey@dtaa.com,,,Beck.Colin.Dean@dtaa.com,,47695,0
{P5W8-H0XI90ND-0115EZNV},2010-02-09 09:19:32.0,BCD0482,Davis.Gareth.Cote@dtaa.com,,,Beck.Colin.Dean@dtaa.com,,30239,0
{Y5D4-N5DK17TH-4401ZSOH},2010-02-09 10:46:20.0,BCD0482,Abigail.Brianna.Terrell@dtaa.com,,,Beck.Colin.Dean@dtaa.com,,20353,4
{F0W6-B0FA52NK-8964RJVT},2010-02-10 10:40:54.0,BCD0482,Quamar.Otto.Padilla@dtaa.com;Elvis.Hamilton.Sandoval@dtaa.com;Jolene.Cameron.Jacobs@dtaa.com;Ahmed.Phelan.Alvarez@verizon.net,,,Beck.Colin.Dean@dtaa.com,,25474,1
{I5P2-P3PU44OF-8147IKMX},2010-02-10 11:23:25.0,BCD0482,Abigail.Brianna.Terrell@dtaa.com;Blaine.Nora.Brown@dtaa.com,,,Beck.Colin.Dean@dtaa.com,,23028,0
{Y6V9-V9AL77XB-3355UOFR},2010-02-10 14:56:51.0,BCD0482,Cole.Dorian.Gibbs@dtaa.com,,,Beck.Colin.Dean@dtaa.com,,59907,0
{I2M3-H9DK09WU-6059KAAY},2010-02-11 13:29:29.0,BCD0482,Evan.Bevis.Colon@dtaa.com,,,Beck.Colin.Dean@dtaa.com,,23662,0
{S3Q1-T1WW00VB-6251KNGN},2010-02-11 14:18:33.0,BCD0482,Davis.Gareth.Cote@dtaa.com,,,Beck.Colin.Dean@dtaa.com,,21958,0
{G9F6-H1QA55IC-4026TFFT},2010-02-11 17:41:12.0,BCD0482,Hamilton.Donovan.Waller@dtaa.com,,,Beck.Colin.Dean@dtaa.com,,27625,0
{U0M6-S1AX31MF-7151NORM},2010-02-12 13:31:54.0,BCD0482,Ferdinand.Leonard.Roth@dtaa.com,,,Beck.Colin.Dean@dtaa.com,,32167,0
{O6Y3-A1GQ91RT-2588HLYX},2010-02-12 14:26:47.0,BCD0482,Blake.Quamar.Aguilar@comcast.net,,,Beck.Colin.Dean@dtaa.com,,33736,2
{S3I8-B3EW21VC-1980ULTE},2010-02-15 17:52:55.0,BCD0482,Yardley.Caleb.Sawyer@dtaa.com,,,Beck.Colin.Dean@dtaa.com,,22295,0
{N6B1-B4ZX88RG-7959HYCS},2010-02-15 18:00:59.0,BCD0482,Kylan.Pamela.Barry@dtaa.com;Miranda.Natalie.Tate@dtaa.com,,,Beck.Colin.Dean@dtaa.com,,29293,0
{B9R2-A8UO25ZB-7935CHNG},2010-02-15 19:02:46.0,BCD0482,Malachi.Jakeem.Rush@dtaa.com;Elvis.Hamilton.Sandoval@dtaa.com,,,Beck.Colin.Dean@dtaa.com,,16890,1
{K9R6-G5GG38XH-0250UYXV},2010-02-16 13:52:25.0,BCD0482,Quamar.Otto.Padilla@dtaa.com;Yardley.Caleb.Sawyer@dtaa.com,,,Beck.Colin.Dean@dtaa.com,,22780,2
{U7H2-Y5GS54NI-6807DUJH},2010-02-16 16:51:56.0,BCD0482,Yardley.Caleb.Sawyer@dtaa.com;Wade.Warren.Rivers@dtaa.com;Quyn.Tara.Patterson@dtaa.com;Joelle.Bryar.Carver@bellsouth.net,,,Beck.Colin.Dean@dtaa.com,,40716,1
{M4S0-Q4DJ80UW-6621PZCG},2010-02-16 17:21:57.0,BCD0482,Hector.Jonah.Kim@dtaa.com,,,Beck.Colin.Dean@dtaa.com,,47346,0
{T7G8-K3SS90MR-6769BHXF},2010-02-17 09:17:20.0,BCD0482,Quamar.Otto.Padilla@dtaa.com;Ayanna.Yolanda.Nielsen@dtaa.com;Joelle.Bryar.Carver@bellsouth.net,,,Beck.Colin.Dean@dtaa.com,,62134,0
{I5G7-J3JQ02BY-8433CAKF},2010-02-17 09:39:14.0,BCD0482,Ferdinand.Leonard.Roth@dtaa.com,,,Beck.Colin.Dean@dtaa.com,,32904,0
{B1M1-E8GC40TG-5336SIFH},2010-02-18 10:11:12.0,BCD0482,Benjamin.Nicholas.Clark@northropgrumman.com,,,Beck.Colin.Dean@dtaa.com,,66302,0
{O2U4-T0IY99OT-9155MDJL},2010-02-18 11:08:40.0,BCD0482,Hamilton.Donovan.Waller@dtaa.com,,,Beck.Colin.Dean@dtaa.com,,25210,0
{G8H9-Z2PO53TK-0418BMAV},2010-02-19 09:19:28.0,BCD0482,Benjamin.Nicholas.Clark@northropgrumman.com,,,Beck.Colin.Dean@dtaa.com,,16567,0
{I7D2-L5FI01IB-6370DNLQ},2010-02-19 13:27:20.0,BCD0482,Irma.Liberty.Burns@dtaa.com;Jonas.Lyle.Adams@gmail.com,,,Beck.Colin.Dean@dtaa.com,,36441,2
{U6X2-Y8EZ45QV-3736AAHH},2010-02-19 18:55:02.0,BCD0482,Yardley.Caleb.Sawyer@dtaa.com;Cole.Dorian.Gibbs@dtaa.com;Benjamin.Nicholas.Clark@northropgrumman.com,,,Beck.Colin.Dean@dtaa.com,,29523,0
{V1V2-X4AG73GX-3744TLMK},2010-02-22 09:35:23.0,BCD0482,Sybill.Mercedes.Golden@dtaa.com;Lara.Melodie.Mosley@netzero.com,,,Beck.Colin.Dean@dtaa.com,,21883,0
{Z1I3-D3CX75IU-0982JWQZ},2010-02-22 09:58:36.0,BCD0482,Lara.Melodie.Mosley@netzero.com,,,Beck.Colin.Dean@dtaa.com,,23255,2
{F6C0-V4CA58PA-5230XZHT},2010-02-22 15:57:53.0,BCD0482,Benjamin.Nicholas.Clark@northropgrumman.com,,,Beck.Colin.Dean@dtaa.com,,35007,1
{V6U6-U6RG33CR-3284UILL},2010-02-23 10:42:23.0,BCD0482,Abigail.Brianna.Terrell@dtaa.com,,,Beck.Colin.Dean@dtaa.com,,25974,0
{K6J8-U4IB29PF-5288YPSG},2010-02-23 13:39:32.0,BCD0482,Hector.Jonah.Kim@dtaa.com;Shellie.Medge.Jefferson@dtaa.com,,,Beck.Colin.Dean@dtaa.com,,19972,1
{I8V3-P6DJ72DD-3609FTLZ},2010-02-23 14:11:04.0,BCD0482,Ferdinand.Leonard.Roth@dtaa.com;Quyn.Tara.Patterson@dtaa.com;Jonas.Lyle.Adams@gmail.com,,,Beck.Colin.Dean@dtaa.com,,32386,1
{M1R0-Y5ST49QB-6399EJSD},2010-02-24 10:10:17.0,BCD0482,Blaine.Nora.Brown@dtaa.com;Sybill.Mercedes.Golden@dtaa.com,,,Beck.Colin.Dean@dtaa.com,,17217,3
{J4T7-E3DA87KS-6898EUZA},2010-02-24 10:44:25.0,BCD0482,Molly.Eliana.Suarez@dtaa.com;Jonas.Lyle.Adams@gmail.com,,,Beck.Colin.Dean@dtaa.com,,34177,0
{F7H5-D8IU42CQ-1569PCTP},2010-02-24 16:35:06.0,BCD0482,Blaine.Nora.Brown@dtaa.com;Benjamin.Nicholas.Clark@northropgrumman.com;Joelle.Bryar.Carver@bellsouth.net,,,Beck.Colin.Dean@dtaa.com,,27753,1
{S7B0-E7OD06ZT-5914EUOU},2010-02-25 12:54:22.0,BCD0482,Shellie.Medge.Jefferson@dtaa.com,,,Beck.Colin.Dean@dtaa.com,,19193,0
{Y8S3-J0TG06KI-7997CWMO},2010-02-25 12:59:43.0,BCD0482,Imani.Doris.Meyer@dtaa.com,,,Beck.Colin.Dean@dtaa.com,,33509,0
{B8L4-M8CH21RH-3430VZTL},2010-02-25 19:00:52.0,BCD0482,Ahmed.Phelan.Alvarez@verizon.net,,,Beck.Colin.Dean@dtaa.com,,31758,0
{U8M5-N2ZE51UU-0410FEMV},2010-02-26 13:59:16.0,BCD0482,Abigail.Brianna.Terrell@dtaa.com,,,Beck.Colin.Dean@dtaa.com,,38873,0
{G9F2-R0RC04BR-4586FUFA},2010-02-26 16:33:14.0,BCD0482,Irma.Liberty.Burns@dtaa.com,,,Beck.Colin.Dean@dtaa.com,,27478,0
{D7I2-V2TT67FL-1008XNQE},2010-02-26 18:04:46.0,BCD0482,Chancellor.Solomon.Gray@dtaa.com,,,Beck.Colin.Dean@dtaa.com,,24574,0
{V7S1-M5XS76ZE-8750OAZA},2010-03-01 11:48:44.0,BCD0482,William.Vernon.Booth@dtaa.com,,,Beck.Colin.Dean@dtaa.com,,26298,0
{R2T0-I1VE92LW-6410RVFQ},2010-03-01 17:57:03.0,BCD0482,Irma.Liberty.Burns@dtaa.com;Blaine.Nora.Brown@dtaa.com;Jaquelyn.September.David@dtaa.com;Cole.Dorian.Gibbs@dtaa.com,,,Beck.Colin.Dean@dtaa.com,,22854,1
{C6R6-F6DN97ZI-6742IABF},2010-03-01 19:11:25.0,BCD0482,Elvis.Hamilton.Sandoval@dtaa.com;Lara.Melodie.Mosley@netzero.com,,,Beck.Colin.Dean@dtaa.com,,31345,0
{R9Q2-I0TW11JT-0085UDHG},2010-03-02 09:25:15.0,BCD0482,Heather.Blair.Goodman@bellsouth.net,,,Beck.Colin.Dean@dtaa.com,,21321,0
{J6V8-S7QX45HZ-4717MDZN},2010-03-02 09:30:54.0,BCD0482,Quyn.Tara.Patterson@dtaa.com,,,Beck.Colin.Dean@dtaa.com,,29951,0
{L6U4-V4JL06PP-9317OYQL},2010-03-02 12:09:31.0,BCD0482,Kane.Julian.Burgess@dtaa.com;Yardley.Caleb.Sawyer@dtaa.com;Malachi.Jakeem.Rush@dtaa.com,,,Beck.Colin.Dean@dtaa.com,,34307,1
{I0L5-N7RT33FZ-9832AYGN},2010-03-03 10:30:29.0,BCD0482,Joelle.Bryar.Carver@bellsouth.net,,,Beck.Colin.Dean@dtaa.com,,37937,1
{A7L9-C8KW74BL-0187QNPI},2010-03-03 13:18:31.0,BCD0482,Cora.Breanna.Lawson@dtaa.com,,,Beck.Colin.Dean@dtaa.com,,33743,0
{N3A3-L6XQ29QY-7958BVJN},2010-03-03 17:34:07.0,BCD0482,Chancellor.Cody.Douglas@dtaa.com;Deirdre.Hayley.Stein@dtaa.com,,,Beck.Colin.Dean@dtaa.com,,17414,3
{K8Q9-Y5BG86FV-4116AXAT},2010-03-04 10:59:12.0,BCD0482,Ayanna.Yolanda.Nielsen@dtaa.com,,,Beck.Colin.Dean@dtaa.com,,21250,0
{L7J5-M8WA50HY-6353ACKF},2010-03-04 16:37:24.0,BCD0482,Kane.Julian.Burgess@dtaa.com,,,Beck.Colin.Dean@dtaa.com,,40041,0
{V1L1-Q2XN97IP-0418GVUL},2010-03-05 10:19:46.0,BCD0482,Abigail.Brianna.Terrell@dtaa.com;Cadman.Hop.Hayes@dtaa.com,,,Beck.Colin.Dean@dtaa.com,,37538,0
{Q3Y1-Q5UL07GB-9660NGCR},2010-03-05 15:37:30.0,BCD0482,Jaquelyn.September.David@dtaa.com,,,Beck.Colin.Dean@dtaa.com,,37402,0
{G5H9-D3FN08RC-3539TBHO},2010-03-08 12:02:06.0,BCD0482,Jaquelyn.September.David@dtaa.com,,,Beck.Colin.Dean@dtaa.com,,30575,0
{V5N9-K3QI23LQ-8202CCQR},2010-03-08 16:12:32.0,BCD0482,Hamilton.Donovan.Waller@dtaa.com,,,Beck.Colin.Dean@dtaa.com,,25585,0
{M0C5-T3LV05YE-6076WPEH},2010-03-08 19:21:42.0,BCD0482,Sybill.Mercedes.Golden@dtaa.com,,,Beck.Colin.Dean@dtaa.com,,26855,0
{D1N7-E5FM80OU-0925MTHJ},2010-03-09 10:58:15.0,BCD0482,Ayanna.Yolanda.Nielsen@dtaa.com,,,Beck.Colin.Dean@dtaa.com,,37311,0
{Y1Z6-F7TZ76FJ-0056IKZU},2010-03-09 13:08:12.0,BCD0482,Abigail.Brianna.Terrell@dtaa.com,,,Beck.Colin.Dean@dtaa.com,,43058,0
{W6P8-P5IT87AH-3071UUUX},2010-03-09 15:44:42.0,BCD0482,Blaine.Nora.Brown@dtaa.com;Yardley.Caleb.Sawyer@dtaa.com;Alden.Justin.Roberts@sbcglobal.net,,,Beck.Colin.Dean@dtaa.com,,32013,2
{I4S4-I6WW59SO-8276XRSI},2010-03-10 09:41:41.0,BCD0482,Hamilton.Donovan.Waller@dtaa.com,,,Beck.Colin.Dean@dtaa.com,,37040,0
{R7M0-X6AC44SI-3808LTZD},2010-03-10 14:39:04.0,BCD0482,Davis.Gareth.Cote@dtaa.com,,,Beck.Colin.Dean@dtaa.com,,27293,0
{L5D2-U0TR83OC-5999JGUX},2010-03-11 09:25:41.0,BCD0482,Carissa.September.Pena@dtaa.com,,,Beck.Colin.Dean@dtaa.com,,27096,0
{B0R6-Q6RX25XS-0450YVNY},2010-03-11 13:52:37.0,BCD0482,Ayanna.Yolanda.Nielsen@dtaa.com,,,Beck.Colin.Dean@dtaa.com,,42786,0
{A4V3-P7UI93TM-4836HAZO},2010-03-11 17:46:31.0,BCD0482,Elvis.Hamilton.Sandoval@dtaa.com;Shellie.Medge.Jefferson@dtaa.com;Xander.Lyle.Perez@raytheon.com,,,Beck.Colin.Dean@dtaa.com,,31060,3
{T5T7-A8MV85XM-6178FMLE},2010-03-12 11:27:16.0,BCD0482,Cole.Dorian.Gibbs@dtaa.com;Elvis.Hamilton.Sandoval@dtaa.com;Davis.Gareth.Cote@dtaa.com,,,Beck.Colin.Dean@dtaa.com,,28089,1
{U9M8-F9QU45IX-8981UCNY},2010-03-12 14:31:24.0,BCD0482,Irma.Liberty.Burns@dtaa.com;Shellie.Medge.Jefferson@dtaa.com,,,Beck.Colin.Dean@dtaa.com,,29953,0
{V2Y9-J3SJ63QD-6976NOMX},2010-03-12 17:59:38.0,BCD0482,William.Vernon.Booth@dtaa.com;Jaquelyn.September.David@dtaa.com;Quamar.Otto.Padilla@dtaa.com;Ahmed.Phelan.Alvarez@verizon.net,,,Beck.Colin.Dean@dtaa.com,,31657,0
{W3S0-G6TR47BZ-8738OOBF},2010-03-15 09:26:59.0,BCD0482,Kane.Julian.Burgess@dtaa.com,,,Beck.Colin.Dean@dtaa.com,,19918,0
{Y0F0-O5EZ67QB-6017UMIW},2010-03-15 09:56:59.0,BCD0482,Jaquelyn.Rebekah.Valenzuela@dtaa.com,,,Beck.Colin.Dean@dtaa.com,,27555,0
{D0U9-M5LD26QM-0754OSAW},2010-03-16 10:17:18.0,BCD0482,Hamilton.Donovan.Waller@dtaa.com;Elvis.Hamilton.Sandoval@dtaa.com,,,Beck.Colin.Dean@dtaa.com,,14821,0
{T0R8-D1FS53NT-7160TECT},2010-03-16 17:02:09.0,BCD0482,Lana.Uma.Alexander@dtaa.com,,,Beck.Colin.Dean@dtaa.com,,37547,0
{C7U5-Z6ED96WF-0786EEUY},2010-03-16 18:19:39.0,BCD0482,Hamilton.Donovan.Waller@dtaa.com;Merritt.Abbot.Salinas@dtaa.com;Hector.Jonah.Kim@dtaa.com,,,Beck.Colin.Dean@dtaa.com,,24745,2
{Z9I4-Q7WF19GN-2537FOPD},2010-03-17 13:55:43.0,BCD0482,Hector.Jonah.Kim@dtaa.com,,,Beck.Colin.Dean@dtaa.com,,31146,0
{C5N0-C7NT26OY-9269GCXY},2010-03-17 18:12:06.0,BCD0482,Merritt.Abbot.Salinas@dtaa.com;Quamar.Otto.Padilla@dtaa.com,,,Beck.Colin.Dean@dtaa.com,,37115,0
{L3A2-Y5CO34UP-8746HQWB},2010-03-17 18:19:46.0,BCD0482,Irma.Liberty.Burns@dtaa.com,,,Beck.Colin.Dean@dtaa.com,,31840,0
{S8R9-B4HF72DN-1376KJFL},2010-03-18 14:53:04.0,BCD0482,Blaine.Nora.Brown@dtaa.com;Cole.Dorian.Gibbs@dtaa.com,,,Beck.Colin.Dean@dtaa.com,,34655,1
{V5V7-W5TO80BN-2614ZZPG},2010-03-18 16:32:54.0,BCD0482,Quyn.Tara.Patterson@dtaa.com,,,Beck.Colin.Dean@dtaa.com,,34639,0
{M2F2-B1QI11SY-8562FEGN},2010-03-18 18:32:18.0,BCD0482,Molly.Eliana.Suarez@dtaa.com;Ferdinand.Leonard.Roth@dtaa.com,,,Beck.Colin.Dean@dtaa.com,,26220,1
{W7A4-S8PB99KZ-6558DRXN},2010-03-19 14:03:18.0,BCD0482,William.Vernon.Booth@dtaa.com,,,Beck.Colin.Dean@dtaa.com,,28675,0
{K4Z5-M1UI73LI-7098UBEG},2010-03-19 14:52:23.0,BCD0482,Jolene.Cameron.Jacobs@dtaa.com,,,Beck.Colin.Dean@dtaa.com,,32413,0
{X2W7-T6WE02JV-0151VJGE},2010-03-19 18:48:27.0,BCD0482,Abigail.Brianna.Terrell@dtaa.com,,,Beck.Colin.Dean@dtaa.com,,30888,1
{V8W2-Y7WF13WC-4568FEMI},2010-03-22 11:50:43.0,BCD0482,Malachi.Jakeem.Rush@dtaa.com,,,Beck.Colin.Dean@dtaa.com,,10856,0
{X7T4-A0EE87HG-7677RLBG},2010-03-22 12:13:00.0,BCD0482,Joelle.Bryar.Carver@bellsouth.net,,,Beck.Colin.Dean@dtaa.com,,34067,0
{P2G2-S0UC53FY-5590LEPT},2010-03-22 16:09:49.0,BCD0482,Malachi.Jakeem.Rush@dtaa.com,,,Beck.Colin.Dean@dtaa.com,,24262,0
{L8V2-C4NV41SL-2851AETM},2010-03-23 10:52:08.0,BCD0482,Davis.Gareth.Cote@dtaa.com;Yardley.Caleb.Sawyer@dtaa.com,,,Beck.Colin.Dean@dtaa.com,,29161,2
{L9U8-U6OI02DN-9344CYNV},2010-03-23 11:11:27.0,BCD0482,Yardley.Caleb.Sawyer@dtaa.com,,,Beck.Colin.Dean@dtaa.com,,21998,0
{N9K9-A8AO73RC-8577YHBM},2010-03-24 10:40:41.0,BCD0482,Blaine.Nora.Brown@dtaa.com,,,Beck.Colin.Dean@dtaa.com,,55292,0
{M7A3-U7CG55RP-9497GLRL},2010-03-24 16:11:17.0,BCD0482,Irma.Liberty.Burns@dtaa.com;Hector.Jonah.Kim@dtaa.com;Sybill.Mercedes.Golden@dtaa.com;Ayanna.Yolanda.Nielsen@dtaa.com,,,Beck.Colin.Dean@dtaa.com,,48166,7
{K0H9-F3SY35PS-8695WURF},2010-03-25 13:46:56.0,BCD0482,Sybill.Mercedes.Golden@dtaa.com,,,Beck.Colin.Dean@dtaa.com,,29926,0
{I3P2-X1AY14GP-6321YVJT},2010-03-25 17:27:56.0,BCD0482,Ferdinand.Leonard.Roth@dtaa.com,,,Beck.Colin.Dean@dtaa.com,,24184,1
{Y2U2-W2TZ77FR-7513GXZO},2010-03-26 12:29:48.0,BCD0482,Davis.Gareth.Cote@dtaa.com,,,Beck.Colin.Dean@dtaa.com,,12369,0
{B8U1-J9GA01ET-2220GAML},2010-03-26 16:29:46.0,BCD0482,Elvis.Hamilton.Sandoval@dtaa.com;Kane.Julian.Burgess@dtaa.com;Irma.Liberty.Burns@dtaa.com;Jade.Gwendolyn.Chan@gmail.com,,,Beck.Colin.Dean@dtaa.com,,26301,3
{J9X1-W3JR77RW-4412FBPY},2010-03-26 17:24:23.0,BCD0482,Elvis.Hamilton.Sandoval@dtaa.com;Cole.Dorian.Gibbs@dtaa.com;Kane.Julian.Burgess@dtaa.com,,,Beck.Colin.Dean@dtaa.com,,24372,0
{X5Z9-R3ES58FD-9853VCBH},2010-03-29 16:25:56.0,BCD0482,Jolene.Cameron.Jacobs@dtaa.com;Kane.Julian.Burgess@dtaa.com;Ayanna.Yolanda.Nielsen@dtaa.com,,,Beck.Colin.Dean@dtaa.com,,20604,0
{E3K5-W5IE33ZV-1824OOAW},2010-03-29 18:19:51.0,BCD0482,Quyn.Tara.Patterson@dtaa.com;Benjamin.Nicholas.Clark@northropgrumman.com,,,Beck.Colin.Dean@dtaa.com,,31407,0
{V8K4-Y6GE36FV-3208MLTL},2010-03-30 13:40:59.0,BCD0482,Davis.Gareth.Cote@dtaa.com,,,Beck.Colin.Dean@dtaa.com,,27722,3
{X2E4-E6ID24VO-6677SZGZ},2010-03-31 13:57:24.0,BCD0482,Jolene.Cameron.Jacobs@dtaa.com;Sybill.Mercedes.Golden@dtaa.com,,,Beck.Colin.Dean@dtaa.com,,20389,1
{Y7I4-K9QY78SA-2682LETP},2010-03-31 14:58:21.0,BCD0482,Cole.Dorian.Gibbs@dtaa.com;Sybill.Mercedes.Golden@dtaa.com;MacKenzie.Yael.Beasley@dtaa.com;Ayanna.Yolanda.Nielsen@dtaa.com,,,Beck.Colin.Dean@dtaa.com,,21657,1
{H7J5-U3QC23CV-5644AVNH},2010-03-31 17:18:56.0,BCD0482,Elvis.Hamilton.Sandoval@dtaa.com,,,Beck.Colin.Dean@dtaa.com,,26884,2
{U4I6-T4YP48QP-3464TXTI},2010-04-01 13:24:36.0,BCD0482,Hamilton.Donovan.Waller@dtaa.com,,,Beck.Colin.Dean@dtaa.com,,43674,1
{Q4D8-T0GM27NJ-0814EQDD},2010-04-01 14:44:58.0,BCD0482,Merritt.Abbot.Salinas@dtaa.com;Ferdinand.Leonard.Roth@dtaa.com,,,Beck.Colin.Dean@dtaa.com,,24116,0
{C5Z6-D8RF03KT-6672MNCU},2010-04-01 16:21:15.0,BCD0482,Alfreda.Aline.Sweeney@dtaa.com,,,Beck.Colin.Dean@dtaa.com,,50075,0
{A1Z7-Q2ZU25QL-1458ODMR},2010-04-05 10:42:16.0,BCD0482,Abigail.Brianna.Terrell@dtaa.com;Hector.Jonah.Kim@dtaa.com,,,Beck.Colin.Dean@dtaa.com,,30668,1
{Y5S5-D1OK13BB-2436ZPRF},2010-04-05 17:04:38.0,BCD0482,Kitra.Winifred.Brock@juno.com,,,Beck.Colin.Dean@dtaa.com,,27167,0
{U6C5-D9VR58QK-2738RHGM},2010-04-05 18:22:35.0,BCD0482,Yardley.Caleb.Sawyer@dtaa.com;Malachi.Jakeem.Rush@dtaa.com;Molly.Eliana.Suarez@dtaa.com,,,Beck.Colin.Dean@dtaa.com,,51021,0
{Z7P8-U7TH82NB-2806OEFM},2010-04-06 11:33:31.0,BCD0482,Quamar.Otto.Padilla@dtaa.com,,,Beck.Colin.Dean@dtaa.com,,37441,0
{G2U2-H5GM56NK-7774RBFI},2010-04-06 16:38:50.0,BCD0482,Jonas.Lyle.Adams@gmail.com,,,Beck.Colin.Dean@dtaa.com,,26482,0
{K3U5-I2DJ78FW-3082REEL},2010-04-07 11:31:46.0,BCD0482,Abigail.Brianna.Terrell@dtaa.com;Hector.Jonah.Kim@dtaa.com,,,Beck.Colin.Dean@dtaa.com,,20319,0
{A6Y2-M4CO49XV-7351RZVA},2010-04-07 14:50:48.0,BCD0482,Gemma.Charlotte.Bartlett@dtaa.com;Kane.Julian.Burgess@dtaa.com,,,Beck.Colin.Dean@dtaa.com,,29385,2
{E2E1-Y3AV27JT-3271TMSN},2010-04-07 14:59:58.0,BCD0482,Blaine.Nora.Brown@dtaa.com;Ayanna.Yolanda.Nielsen@dtaa.com;Davis.Gareth.Cote@dtaa.com,,,Beck.Colin.Dean@dtaa.com,,37239,0
{E7E7-P2QD24QC-5598UGBU},2010-04-08 13:24:39.0,BCD0482,Davis.Gareth.Cote@dtaa.com,,,Beck.Colin.Dean@dtaa.com,,27322,6
{L1S0-O4WE64WL-2701ITGQ},2010-04-08 14:09:27.0,BCD0482,Blaine.Nora.Brown@dtaa.com;Cole.Dorian.Gibbs@dtaa.com;Elvis.Hamilton.Sandoval@dtaa.com,,,Beck.Colin.Dean@dtaa.com,,24283,2
{B2E5-E5ZT63OU-8309IIAP},2010-04-08 14:27:10.0,BCD0482,Hector.Jonah.Kim@dtaa.com;Kasper.Zeph.Moran@dtaa.com;Jolene.Cameron.Jacobs@dtaa.com;Irma.Liberty.Burns@dtaa.com,,,Beck.Colin.Dean@dtaa.com,,20975,2
{L7N8-F9UK30ZA-9898NDHL},2010-04-09 13:51:23.0,BCD0482,Jolene.Cameron.Jacobs@dtaa.com;Shellie.Medge.Jefferson@dtaa.com;Benjamin.Nicholas.Clark@northropgrumman.com,,,Beck.Colin.Dean@dtaa.com,,14144,1
{C4Q2-L9ES54DW-6514NEJZ},2010-04-09 17:40:34.0,BCD0482,Yardley.Caleb.Sawyer@dtaa.com,,,Beck.Colin.Dean@dtaa.com,,29570,0
{H8Y9-K8NP27EL-7142PCWH},2010-04-09 18:28:35.0,BCD0482,Hector.Jonah.Kim@dtaa.com,,,Beck.Colin.Dean@dtaa.com,,13395,0
{U8E9-G8FO39QM-8287VLIR},2010-04-12 10:36:00.0,BCD0482,Elvis.Hamilton.Sandoval@dtaa.com;Quamar.Otto.Padilla@dtaa.com;Joelle.Bryar.Carver@bellsouth.net,,,Beck.Colin.Dean@dtaa.com,,22711,0
{K3H8-Q0WW22CQ-7076SPBZ},2010-04-12 11:04:47.0,BCD0482,Kaden.Tarik.Giles@dtaa.com;Seth.Kasper.Nelson@dtaa.com;Ferdinand.Leonard.Roth@dtaa.com,,,Beck.Colin.Dean@dtaa.com,,24548,4
{K6A6-Q4GM57BM-0060ONBL},2010-04-12 17:38:32.0,BCD0482,Elvis.Hamilton.Sandoval@dtaa.com;Malachi.Jakeem.Rush@dtaa.com,,,Beck.Colin.Dean@dtaa.com,,19737,1
{V4Z2-C8CW33TQ-0861SSXK},2010-04-13 11:17:36.0,BCD0482,Elvis.Hamilton.Sandoval@dtaa.com;Jaquelyn.September.David@dtaa.com,,,Beck.Colin.Dean@dtaa.com,,24174,0
{K8J1-H4QA45UZ-0247CTQR},2010-04-13 14:19:35.0,BCD0482,Jolene.Cameron.Jacobs@dtaa.com;Molly.Eliana.Suarez@dtaa.com,,,Beck.Colin.Dean@dtaa.com,,28706,0
{X1K3-W7MB79ZR-6606KICU},2010-04-13 15:41:45.0,BCD0482,Ahmed.Phelan.Alvarez@verizon.net,,,Beck.Colin.Dean@dtaa.com,,33227,0
{I5U0-P3RL71MG-6352LDRE},2010-04-14 12:07:33.0,BCD0482,Merritt.Abbot.Salinas@dtaa.com;Jaquelyn.September.David@dtaa.com;Cole.Dorian.Gibbs@dtaa.com;Benjamin.Nicholas.Clark@northropgrumman.com,,,Beck.Colin.Dean@dtaa.com,,24167,0
{L0H4-K2GU30NC-5288ELAZ},2010-04-14 16:50:57.0,BCD0482,Cole.Dorian.Gibbs@dtaa.com;Yardley.Caleb.Sawyer@dtaa.com,,,Beck.Colin.Dean@dtaa.com,,42569,0
{W7T2-R5BU72HW-5483LSRH},2010-04-14 18:09:15.0,BCD0482,Irma.Liberty.Burns@dtaa.com,,,Beck.Colin.Dean@dtaa.com,,69757,0
{X5G5-M4NE03AI-5240AQAZ},2010-04-15 15:18:18.0,BCD0482,William.Vernon.Booth@dtaa.com;Quamar.Otto.Padilla@dtaa.com,,,Beck.Colin.Dean@dtaa.com,,38348,1
{Z9M0-B7YE85UV-6298SUEV},2010-04-15 17:16:05.0,BCD0482,Shellie.Medge.Jefferson@dtaa.com;Quamar.Otto.Padilla@dtaa.com;Irma.Liberty.Burns@dtaa.com,,,Beck.Colin.Dean@dtaa.com,,21577,2
{V5H2-Y4BZ33BB-2894KKRJ},2010-04-16 14:39:54.0,BCD0482,Sybill.Mercedes.Golden@dtaa.com,,,Beck.Colin.Dean@dtaa.com,,33291,1
{D4J8-X0GS56NQ-6110NEQT},2010-04-16 14:47:18.0,BCD0482,Quamar.Otto.Padilla@dtaa.com;Molly.Eliana.Suarez@dtaa.com,,,Beck.Colin.Dean@dtaa.com,,27774,0
{H3A4-R3GJ32OC-1812GUJB},2010-04-16 15:48:14.0,BCD0482,Merritt.Abbot.Salinas@dtaa.com,,,Beck.Colin.Dean@dtaa.com,,28463,1
{B4I3-N3MF26ED-8857IUDB},2010-04-19 11:10:57.0,BCD0482,Jolene.Cameron.Jacobs@dtaa.com;Quyn.Tara.Patterson@dtaa.com;Cole.Dorian.Gibbs@dtaa.com;James.Harrison.Wynn@dtaa.com,,,Beck.Colin.Dean@dtaa.com,,24647,2
{T8X0-S3KQ47RC-7603ELEO},2010-04-19 13:47:10.0,BCD0482,Sybill.Mercedes.Golden@dtaa.com;Quamar.Otto.Padilla@dtaa.com,,,Beck.Colin.Dean@dtaa.com,,36034,0
{M7B3-M2XZ12PS-3505IJAO},2010-04-19 15:02:12.0,BCD0482,Amaya.Audra.Glass@juno.com,,,Beck.Colin.Dean@dtaa.com,,16605,1
{T0O0-W8LH12LR-7801YFOO},2010-04-20 13:22:24.0,BCD0482,Merritt.Abbot.Salinas@dtaa.com,,,Beck.Colin.Dean@dtaa.com,,29253,0
{V8Z9-D7LC10KU-2156GQXO},2010-04-20 13:49:20.0,BCD0482,Ayanna.Yolanda.Nielsen@dtaa.com,,,Beck.Colin.Dean@dtaa.com,,29304,1
{I0S7-M0FR75US-9049GTAS},2010-04-20 19:17:15.0,BCD0482,Cole.Dorian.Gibbs@dtaa.com,,,Beck.Colin.Dean@dtaa.com,,16388,1
{K9F7-G3QL95ZI-0281WCHR},2010-04-21 09:28:54.0,BCD0482,Sybill.Mercedes.Golden@dtaa.com;Hector.Jonah.Kim@dtaa.com,,,Beck.Colin.Dean@dtaa.com,,31638,1
{Q8F7-L7YN17OU-4884AQFH},2010-04-21 13:17:10.0,BCD0482,Alden.Justin.Roberts@sbcglobal.net,,,Beck.Colin.Dean@dtaa.com,,46687,0
{Y0B4-R8BY06TS-2098LLIU},2010-04-22 09:19:38.0,BCD0482,Sybill.Mercedes.Golden@dtaa.com,,,Beck.Colin.Dean@dtaa.com,,12127,1
{O8H1-R8YF57SC-7172FQAM},2010-04-22 11:20:29.0,BCD0482,Blaine.Nora.Brown@dtaa.com,,,Beck.Colin.Dean@dtaa.com,,30393,0
{G2X7-A2IM66JA-0970VHKK},2010-04-23 09:56:41.0,BCD0482,Yardley.Caleb.Sawyer@dtaa.com,,,Beck.Colin.Dean@dtaa.com,,18669,0
{M3N1-A7RT98KP-1145KCIV},2010-04-23 12:11:32.0,BCD0482,William.Vernon.Booth@dtaa.com;Yardley.Caleb.Sawyer@dtaa.com,,,Beck.Colin.Dean@dtaa.com,,45694,3
{Q7R2-M1PA70RE-0472YFKZ},2010-04-23 16:06:12.0,BCD0482,Hector.Jonah.Kim@dtaa.com;Molly.Eliana.Suarez@dtaa.com;Ahmed.Phelan.Alvarez@verizon.net,,,Beck.Colin.Dean@dtaa.com,,19819,0
{C3T3-V5OH66CC-4340CBYU},2010-04-26 12:09:27.0,BCD0482,Merritt.Abbot.Salinas@dtaa.com;Ferdinand.Leonard.Roth@dtaa.com,,,Beck.Colin.Dean@dtaa.com,,42150,2
{L3T8-J2EH84UV-0799DBQN},2010-04-27 09:35:49.0,BCD0482,Elvis.Hamilton.Sandoval@dtaa.com;Benjamin.Nicholas.Clark@northropgrumman.com,,,Beck.Colin.Dean@dtaa.com,,23877,2
{E0A7-E8WD99KK-6491YCLA},2010-04-28 10:34:30.0,BCD0482,Hector.Jonah.Kim@dtaa.com,,,Beck.Colin.Dean@dtaa.com,,50922,0
{B1Y4-B2BC47HC-0027CGFO},2010-04-28 13:24:39.0,BCD0482,Ayanna.Yolanda.Nielsen@dtaa.com;Quamar.Otto.Padilla@dtaa.com;Blaine.Nora.Brown@dtaa.com;Jonas.Lyle.Adams@gmail.com;Benjamin.Nicholas.Clark@northropgrumman.com,,,Beck.Colin.Dean@dtaa.com,,22074,0
{B6K3-E4DH31VB-0477LVGD},2010-04-28 13:49:37.0,BCD0482,William.Vernon.Booth@dtaa.com,,,Beck.Colin.Dean@dtaa.com,,31497,0
{Z4Q5-M0QY03UZ-4235OQOG},2010-04-29 16:27:05.0,BCD0482,Blaine.Nora.Brown@dtaa.com,,,Beck.Colin.Dean@dtaa.com,,21249,0
{L0P0-C7JJ29NS-7458SSJX},2010-04-29 17:02:19.0,BCD0482,Allegra.Brianna.Stanton@dtaa.com;Irma.Liberty.Burns@dtaa.com;Jonas.Lyle.Adams@gmail.com,,,Beck.Colin.Dean@dtaa.com,,49286,1
{C2A5-I5ND10QT-5360KIED},2010-04-30 11:34:18.0,BCD0482,Jolene.Cameron.Jacobs@dtaa.com;Aidan.Hilel.Morton@dtaa.com;Molly.Eliana.Suarez@dtaa.com;Meredith.Carly.Richardson@dtaa.com;Alden.Justin.Roberts@sbcglobal.net,,,Beck.Colin.Dean@dtaa.com,,29082,0
{I6D7-J3HO66GC-8722YCZW},2010-04-30 13:28:07.0,BCD0482,Benjamin.Nicholas.Clark@northropgrumman.com,,,Beck.Colin.Dean@dtaa.com,,17973,0
{I1T6-Q0QA82NU-5318GGVW},2010-05-03 10:18:53.0,BCD0482,Jonas.Lyle.Adams@gmail.com,,,Beck.Colin.Dean@dtaa.com,,32836,0
{E3G2-P0AI86FU-6381MPMV},2010-05-03 13:46:21.0,BCD0482,Malachi.Jakeem.Rush@dtaa.com,,,Beck.Colin.Dean@dtaa.com,,32597,0
{R4K5-A2BL93DE-6318EJVX},2010-05-03 14:50:19.0,BCD0482,Hamilton.Donovan.Waller@dtaa.com,,,Beck.Colin.Dean@dtaa.com,,22447,0
{J8F6-L8XB71RJ-3342XVYM},2010-05-04 13:43:47.0,BCD0482,Malachi.Jakeem.Rush@dtaa.com,,,Beck.Colin.Dean@dtaa.com,,13805,1
{O5W1-T4OO83TH-8040MQXP},2010-05-04 15:37:25.0,BCD0482,Benjamin.Nicholas.Clark@northropgrumman.com,,,Beck.Colin.Dean@dtaa.com,,31299,0
{I2E5-X6IA76FN-7190BVIY},2010-05-05 13:14:48.0,BCD0482,Bell.Zoe.Terry@dtaa.com,,,Beck.Colin.Dean@dtaa.com,,17409,0
{U6T3-B7OX00VL-3568YLIP},2010-05-05 16:30:39.0,BCD0482,Ferdinand.Leonard.Roth@dtaa.com;Elvis.Hamilton.Sandoval@dtaa.com;Quamar.Otto.Padilla@dtaa.com;Jaquelyn.September.David@dtaa.com,,,Beck.Colin.Dean@dtaa.com,,46716,0
{W1V0-K1GR16YK-3006FTSV},2010-05-05 18:52:42.0,BCD0482,Jolene.Cameron.Jacobs@dtaa.com,,,Beck.Colin.Dean@dtaa.com,,31061,0
{R7M3-P8TI97AO-9089BYWZ},2010-05-06 11:23:17.0,BCD0482,Kane.Julian.Burgess@dtaa.com;Malachi.Jakeem.Rush@dtaa.com,,,Beck.Colin.Dean@dtaa.com,,20692,0
{U6M6-V8RD73SH-7924THPY},2010-05-06 14:08:59.0,BCD0482,Kane.Julian.Burgess@dtaa.com;Quamar.Otto.Padilla@dtaa.com,,,Beck.Colin.Dean@dtaa.com,,37228,1
{O8U7-S9LR11RQ-2822WPHT},2010-05-06 14:48:57.0,BCD0482,Quamar.Otto.Padilla@dtaa.com,,,Beck.Colin.Dean@dtaa.com,,28666,0
{D9P1-I5VL23ML-2672EMLH},2010-05-07 09:54:39.0,BCD0482,Hamilton.Donovan.Waller@dtaa.com;Benedict.Sebastian.Allen@dtaa.com;Jonas.Lyle.Adams@gmail.com,,,Beck.Colin.Dean@dtaa.com,,17352,0
{E6D9-B3ZJ69MW-1883KQID},2010-05-07 11:00:30.0,BCD0482,Julie.Cecilia.Arnold@dtaa.com;Elvis.Hamilton.Sandoval@dtaa.com,,,Beck.Colin.Dean@dtaa.com,,22123,0
{L5C5-E6MQ34GQ-8228CVJN},2010-05-07 16:16:29.0,BCD0482,Ayanna.Yolanda.Nielsen@dtaa.com,,,Beck.Colin.Dean@dtaa.com,,27835,0
{D9O1-I9WC59PO-7472LSFC},2010-05-10 12:02:09.0,BCD0482,Davis.Gareth.Cote@dtaa.com,,,Beck.Colin.Dean@dtaa.com,,23561,0
{S6O7-Q8VR95WQ-9559BTGX},2010-05-10 15:24:08.0,BCD0482,William.Vernon.Booth@dtaa.com,,,Beck.Colin.Dean@dtaa.com,,26824,1
{Z9V6-Y7TZ44FS-2017JBTF},2010-05-10 16:19:52.0,BCD0482,Davis.Gareth.Cote@dtaa.com;William.Vernon.Booth@dtaa.com;Molly.Eliana.Suarez@dtaa.com;Shaine.Alexa.Cobb@dtaa.com,,,Beck.Colin.Dean@dtaa.com,,38606,0
{A3U5-D8VJ02HD-1357UBRI},2010-05-11 13:44:47.0,BCD0482,Davis.Gareth.Cote@dtaa.com;Kane.Julian.Burgess@dtaa.com;Yardley.Caleb.Sawyer@dtaa.com,,,Beck.Colin.Dean@dtaa.com,,25665,0
{G0H5-C3NO95SG-1463AGGW},2010-05-11 16:18:15.0,BCD0482,Elvis.Hamilton.Sandoval@dtaa.com,,,Beck.Colin.Dean@dtaa.com,,26607,0
{R8Z9-L1NU28NJ-1813DMMR},2010-05-11 18:39:20.0,BCD0482,Ferdinand.Leonard.Roth@dtaa.com,,,Beck.Colin.Dean@dtaa.com,,45472,1
{V0W1-L8NF50OZ-3141MOKZ},2010-05-12 13:23:26.0,BCD0482,Elvis.Hamilton.Sandoval@dtaa.com,,,Beck.Colin.Dean@dtaa.com,,29188,1
{O9I5-E0BX80PD-0352JASO},2010-05-12 13:46:54.0,BCD0482,Merritt.Abbot.Salinas@dtaa.com;Molly.Eliana.Suarez@dtaa.com,,,Beck.Colin.Dean@dtaa.com,,28605,2
{X5R2-Z4FA47VZ-2166IMDM},2010-05-12 13:57:30.0,BCD0482,Ayanna.Yolanda.Nielsen@dtaa.com;Cheyenne.Dominique.Terrell@dtaa.com;Blaine.Nora.Brown@dtaa.com;Kathleen.Audrey.Vargas@dtaa.com;Benjamin.Nicholas.Clark@northropgrumman.com,,,Beck.Colin.Dean@dtaa.com,,19407,2
{A3G6-T1RJ82RC-1535DIPL},2010-05-13 12:29:57.0,BCD0482,Abigail.Brianna.Terrell@dtaa.com;Malachi.Jakeem.Rush@dtaa.com;Quamar.Otto.Padilla@dtaa.com,,,Beck.Colin.Dean@dtaa.com,,25490,2
{S7G3-I4VG58XL-1716DAYP},2010-05-13 13:35:00.0,BCD0482,Ayanna.Yolanda.Nielsen@dtaa.com,,,Beck.Colin.Dean@dtaa.com,,21057,0
{A8J3-L2JV66HG-5407BQTF},2010-05-13 15:26:26.0,BCD0482,Jaquelyn.September.David@dtaa.com,,,Beck.Colin.Dean@dtaa.com,,29002,0
{W8P3-R4ZP52IV-8064TLTN},2010-05-14 12:03:18.0,BCD0482,Ayanna.Yolanda.Nielsen@dtaa.com,,,Beck.Colin.Dean@dtaa.com,,28516,0
{E8W8-R8SE63RH-5471AGOC},2010-05-14 13:26:24.0,BCD0482,Hammett.Robert.Herrera@dtaa.com;Hector.Jonah.Kim@dtaa.com,,,Beck.Colin.Dean@dtaa.com,,33887,0
{I0R0-R6WT39QM-5793WKEG},2010-05-14 18:02:50.0,BCD0482,Ferdinand.Leonard.Roth@dtaa.com;Jonas.Lyle.Adams@gmail.com,,,Beck.Colin.Dean@dtaa.com,,18672,0
{C3X5-N5YV36US-2160OADO},2010-05-17 10:15:25.0,BCD0482,Abigail.Brianna.Terrell@dtaa.com;Elvis.Hamilton.Sandoval@dtaa.com;Blaine.Nora.Brown@dtaa.com;Quamar.Otto.Padilla@dtaa.com;Benjamin.Nicholas.Clark@northropgrumman.com,,,Beck.Colin.Dean@dtaa.com,,19868,0
{Y1H2-A0NI75YS-5921PGGO},2010-05-17 18:05:45.0,BCD0482,Elvis.Hamilton.Sandoval@dtaa.com;Jolene.Cameron.Jacobs@dtaa.com;Malachi.Jakeem.Rush@dtaa.com;Hamilton.Donovan.Waller@dtaa.com;Jonas.Lyle.Adams@gmail.com,,,Beck.Colin.Dean@dtaa.com,,20767,1
{N2N3-A3XI85FE-6728GXBN},2010-05-18 10:00:24.0,BCD0482,William.Vernon.Booth@dtaa.com;Benjamin.Nicholas.Clark@northropgrumman.com,,,Beck.Colin.Dean@dtaa.com,,15267,0
{Y1R9-D9HU63PQ-4233NZEN},2010-05-18 13:21:18.0,BCD0482,Jonas.Lyle.Adams@gmail.com,,,Beck.Colin.Dean@dtaa.com,,19190,0
{I4T8-R2RH85ZN-9201WIOJ},2010-05-19 09:54:12.0,BCD0482,Ferdinand.Leonard.Roth@dtaa.com,,,Beck.Colin.Dean@dtaa.com,,28739,0
{L1M8-V4MQ85YL-1625WPGW},2010-05-19 13:30:44.0,BCD0482,Abigail.Brianna.Terrell@dtaa.com,,,Beck.Colin.Dean@dtaa.com,,36344,0
{M6D6-I2GM52QC-4195EIVV},2010-05-20 15:55:31.0,BCD0482,Hamilton.Donovan.Waller@dtaa.com,,,Beck.Colin.Dean@dtaa.com,,37737,0
{X7G1-B3OV86EA-6540KIYT},2010-05-21 09:33:04.0,BCD0482,Perry.Reese.Morton@dtaa.com;Denise.Lacy.Harmon@dtaa.com;Jonas.Lyle.Adams@gmail.com,,,Beck.Colin.Dean@dtaa.com,,42005,1
{N8T3-F9OC79LJ-2882KZKB},2010-05-21 10:12:31.0,BCD0482,Cole.Dorian.Gibbs@dtaa.com,,,Beck.Colin.Dean@dtaa.com,,36855,0
{S9F9-X3RC83QQ-6988JXCK},2010-05-21 13:44:09.0,BCD0482,Jaquelyn.September.David@dtaa.com;Benjamin.Nicholas.Clark@northropgrumman.com,,,Beck.Colin.Dean@dtaa.com,,26592,0
{K4K0-O1LA29OW-8295ACQK},2010-05-24 16:08:25.0,BCD0482,Gabriel.Camden.Joseph@dtaa.com,,,Beck.Colin.Dean@dtaa.com,,26418,0
{V8F4-C9BV21YE-9828XGFA},2010-05-24 18:08:15.0,BCD0482,William.Vernon.Booth@dtaa.com;Jaquelyn.September.David@dtaa.com;Shellie.Medge.Jefferson@dtaa.com,,,Beck.Colin.Dean@dtaa.com,,26036,0
{Z8T0-I4SU79YY-5244JPLL},2010-05-24 18:43:58.0,BCD0482,Ayanna.Yolanda.Nielsen@dtaa.com;Ferdinand.Leonard.Roth@dtaa.com;Malachi.Jakeem.Rush@dtaa.com;Joelle.Bryar.Carver@bellsouth.net,,,Beck.Colin.Dean@dtaa.com,,30319,0
{D4X2-G5RL87GB-6274GLTR},2010-05-25 13:51:05.0,BCD0482,Nicole.Mariko.Mejia@comcast.net,,,Beck.Colin.Dean@dtaa.com,,34062,0
{A1N4-K2PK91CI-7573GVCB},2010-05-25 14:06:24.0,BCD0482,Malachi.Jakeem.Rush@dtaa.com;Irma.Liberty.Burns@dtaa.com;Merritt.Abbot.Salinas@dtaa.com,,,Beck.Colin.Dean@dtaa.com,,37811,1
{F6W0-T9PF45AR-1504IWCJ},2010-05-25 15:20:51.0,BCD0482,Benjamin.Nicholas.Clark@northropgrumman.com,,,Beck.Colin.Dean@dtaa.com,,30707,0
{H1G5-R9DM24HY-5423MUPC},2010-05-26 19:09:31.0,BCD0482,Elvis.Hamilton.Sandoval@dtaa.com;Malachi.Jakeem.Rush@dtaa.com;Ahmed.Phelan.Alvarez@verizon.net,,,Beck.Colin.Dean@dtaa.com,,18520,1
{J4R0-G6WG59IP-3329KDGF},2010-05-27 13:25:47.0,BCD0482,Hector.Jonah.Kim@dtaa.com,,,Beck.Colin.Dean@dtaa.com,,22629,0
{S6W9-Q8CV97KP-8488SADE},2010-05-27 16:50:33.0,BCD0482,Benjamin.Nicholas.Clark@northropgrumman.com,,,Beck.Colin.Dean@dtaa.com,,50878,0
{B4R9-G9PO34XK-5362NMCH},2010-05-28 15:17:09.0,BCD0482,Ayanna.Yolanda.Nielsen@dtaa.com,,,Beck.Colin.Dean@dtaa.com,,23240,0
{Q4U3-T6MN38MM-8029UWFI},2010-05-28 15:31:42.0,BCD0482,Hamilton.Donovan.Waller@dtaa.com,,,Beck.Colin.Dean@dtaa.com,,35488,0
{O0H9-D4SG53QV-1282FGLS},2010-05-28 16:23:47.0,BCD0482,Jaquelyn.September.David@dtaa.com;Irma.Liberty.Burns@dtaa.com,,,Beck.Colin.Dean@dtaa.com,,18573,0
{E9D1-J5QQ44FL-6479LSGG},2010-06-01 11:32:01.0,BCD0482,Ayanna.Yolanda.Nielsen@dtaa.com,,,Beck.Colin.Dean@dtaa.com,,15005,1
{Y9O9-H0ZX15DR-5494UYLA},2010-06-01 19:01:02.0,BCD0482,Ferdinand.Leonard.Roth@dtaa.com;Jaquelyn.September.David@dtaa.com;Elvis.Hamilton.Sandoval@dtaa.com,,,Beck.Colin.Dean@dtaa.com,,59081,1
{T1P8-E8CM82RT-5219RGDD},2010-06-02 09:34:24.0,BCD0482,Quyn.Tara.Patterson@dtaa.com;Ferdinand.Leonard.Roth@dtaa.com,,,Beck.Colin.Dean@dtaa.com,,35642,0
{T8R5-T9QK96ST-3148XYAS},2010-06-02 11:03:15.0,BCD0482,Malachi.Jakeem.Rush@dtaa.com;Elvis.Hamilton.Sandoval@dtaa.com;Hector.Jonah.Kim@dtaa.com,,,Beck.Colin.Dean@dtaa.com,,20916,1
{K7H8-O2YL18AW-9747YUAT},2010-06-02 12:56:31.0,BCD0482,Merritt.Abbot.Salinas@dtaa.com;Jolene.Cameron.Jacobs@dtaa.com,,,Beck.Colin.Dean@dtaa.com,,18565,0
{I4C8-H0BK80EU-9034ZCCS},2010-06-03 12:57:44.0,BCD0482,Benjamin.Nicholas.Clark@northropgrumman.com,,,Beck.Colin.Dean@dtaa.com,,48093,0
{M9K9-P5SZ80XP-9711LKPM},2010-06-03 13:52:16.0,BCD0482,Sybill.Mercedes.Golden@dtaa.com;Ahmed.Phelan.Alvarez@verizon.net,,,Beck.Colin.Dean@dtaa.com,,32171,1
{N1X0-W4RY10XN-2241MRHC},2010-06-03 18:57:45.0,BCD0482,Molly.Eliana.Suarez@dtaa.com;Yardley.Caleb.Sawyer@dtaa.com;Quyn.Tara.Patterson@dtaa.com,,,Beck.Colin.Dean@dtaa.com,,32992,0
{S2U8-Y3PQ65ZI-8660MMRD},2010-06-04 13:28:22.0,BCD0482,Benjamin.Nicholas.Clark@northropgrumman.com,,,Beck.Colin.Dean@dtaa.com,,19915,0
{X0V8-B4LO23UZ-0607UGZF},2010-06-04 15:35:21.0,BCD0482,Imani.Doris.Meyer@dtaa.com;Jonas.Lyle.Adams@gmail.com,,,Beck.Colin.Dean@dtaa.com,,29564,0
{P0X3-Q6HM04JM-8328CCTT},2010-06-07 09:17:10.0,BCD0482,Benjamin.Nicholas.Clark@northropgrumman.com,,,Beck.Colin.Dean@dtaa.com,,26733,0
{Z1Y6-X1YR43SH-1592SRLO},2010-06-07 14:16:19.0,BCD0482,Jaquelyn.September.David@dtaa.com,,,Beck.Colin.Dean@dtaa.com,,31483,0
{P8S5-M5XD63VQ-8822GADZ},2010-06-07 16:58:03.0,BCD0482,Molly.Eliana.Suarez@dtaa.com,,,Beck.Colin.Dean@dtaa.com,,32635,0
{H7Q2-O7QJ80UV-3064RGHE},2010-06-08 10:11:41.0,BCD0482,Cole.Dorian.Gibbs@dtaa.com,,,Beck.Colin.Dean@dtaa.com,,19078,0
{N5S3-K7ID12FX-7214IANC},2010-06-08 15:17:33.0,BCD0482,Molly.Eliana.Suarez@dtaa.com;Jolene.Cameron.Jacobs@dtaa.com;Jonas.Lyle.Adams@gmail.com,,,Beck.Colin.Dean@dtaa.com,,35086,0
{W7M1-T8SQ03IK-6968AXLI},2010-06-09 11:51:03.0,BCD0482,Sybill.Mercedes.Golden@dtaa.com,,,Beck.Colin.Dean@dtaa.com,,27476,0
{N9F9-N1RH80QD-6076ZMGA},2010-06-09 14:05:49.0,BCD0482,Benjamin.Nicholas.Clark@northropgrumman.com,,,Beck.Colin.Dean@dtaa.com,,14762,0
{Z7J9-U5CE21UT-0474PIWA},2010-06-09 17:35:29.0,BCD0482,Ivana.Cecilia.Patton@dtaa.com;Benedict.Sebastian.Allen@dtaa.com;Benjamin.Nicholas.Clark@northropgrumman.com,,,Beck.Colin.Dean@dtaa.com,,31946,1
{J0C6-N7MX87RV-5525DAGG},2010-06-10 10:30:47.0,BCD0482,Abigail.Brianna.Terrell@dtaa.com,,,Beck.Colin.Dean@dtaa.com,,37118,0
{G5E8-T4CV88NR-1036CYYC},2010-06-10 17:04:47.0,BCD0482,Irma.Liberty.Burns@dtaa.com;Benjamin.Nicholas.Clark@northropgrumman.com,,,Beck.Colin.Dean@dtaa.com,,23582,0
{K2B5-Y6OZ07DB-1478LADU},2010-06-11 11:11:55.0,BCD0482,Sybill.Mercedes.Golden@dtaa.com;Benjamin.Nicholas.Clark@northropgrumman.com,,,Beck.Colin.Dean@dtaa.com,,45999,0
{T2F3-V6WZ43GI-3469TEAU},2010-06-11 12:11:23.0,BCD0482,Merritt.Abbot.Salinas@dtaa.com;Quamar.Otto.Padilla@dtaa.com;Abigail.Brianna.Terrell@dtaa.com;Cole.Dorian.Gibbs@dtaa.com;Davis.Gareth.Cote@dtaa.com,,,Beck.Colin.Dean@dtaa.com,,29045,1
{E0W3-Q3DQ32QG-5397WEVZ},2010-06-11 18:28:56.0,BCD0482,Cole.Dorian.Gibbs@dtaa.com;Kane.Julian.Burgess@dtaa.com;Jonas.Lyle.Adams@gmail.com,,,Beck.Colin.Dean@dtaa.com,,34537,0
{L3B3-X1SR71ER-5937NCQJ},2010-06-14 10:09:28.0,BCD0482,Sybill.Mercedes.Golden@dtaa.com,,,Beck.Colin.Dean@dtaa.com,,20496,0
{W1G8-C2BD36JL-3635ZOGK},2010-06-14 12:45:16.0,BCD0482,Kane.Julian.Burgess@dtaa.com,,,Beck.Colin.Dean@dtaa.com,,39986,0
{O7J8-Q6SC01CX-0034CMDF},2010-06-14 13:06:48.0,BCD0482,Jolene.Cameron.Jacobs@dtaa.com;William.Vernon.Booth@dtaa.com;Cassidy.Kay.Ward@dtaa.com;Abigail.Brianna.Terrell@dtaa.com,,,Beck.Colin.Dean@dtaa.com,,16011,1
{E4G9-T1QK44UO-0161HRNW},2010-06-15 11:18:34.0,BCD0482,Sybill.Mercedes.Golden@dtaa.com;Quamar.Otto.Padilla@dtaa.com,,,Beck.Colin.Dean@dtaa.com,,23693,0
{Z7U6-Q3KU15RA-5454DNZD},2010-06-15 13:43:29.0,BCD0482,Kane.Julian.Burgess@dtaa.com;Jolene.Cameron.Jacobs@dtaa.com;Molly.Eliana.Suarez@dtaa.com,,,Beck.Colin.Dean@dtaa.com,,28818,0
{H3F1-X0WY89AM-4098STAG},2010-06-16 11:15:41.0,BCD0482,Jaquelyn.September.David@dtaa.com,,,Beck.Colin.Dean@dtaa.com,,32738,0
{F8E6-C6KH64PV-5016EKFS},2010-06-16 12:19:19.0,BCD0482,Shellie.Medge.Jefferson@dtaa.com;Kane.Julian.Burgess@dtaa.com,,,Beck.Colin.Dean@dtaa.com,,29512,1
{K7Q7-B1HQ80RU-8302NEJO},2010-06-16 13:12:25.0,BCD0482,Shellie.Medge.Jefferson@dtaa.com,,,Beck.Colin.Dean@dtaa.com,,22167,0
{Z7M3-R6VS41FO-1318MNYO},2010-06-17 17:18:58.0,BCD0482,Ayanna.Yolanda.Nielsen@dtaa.com;Ferdinand.Leonard.Roth@dtaa.com;Jaquelyn.September.David@dtaa.com,,,Beck.Colin.Dean@dtaa.com,,29828,0
{F9P6-I9HQ60LE-3558EGLI},2010-06-18 10:11:20.0,BCD0482,Quamar.Otto.Padilla@dtaa.com;Kane.Julian.Burgess@dtaa.com;Alden.Justin.Roberts@sbcglobal.net,,,Beck.Colin.Dean@dtaa.com,,39110,2
{G8F8-Z8ZA91SH-6256ELEF},2010-06-18 11:21:33.0,BCD0482,Jaquelyn.September.David@dtaa.com;Elvis.Hamilton.Sandoval@dtaa.com;Malachi.Jakeem.Rush@dtaa.com,,,Beck.Colin.Dean@dtaa.com,,12528,2
{V0P8-Q4XZ53IZ-6597NLGE},2010-06-21 09:57:29.0,BCD0482,Molly.Eliana.Suarez@dtaa.com;Jonas.Lyle.Adams@gmail.com,,,Beck.Colin.Dean@dtaa.com,,37835,0
{L8Y8-O7ZH89UT-5449PROG},2010-06-21 12:59:10.0,BCD0482,Alfreda.Aline.Sweeney@dtaa.com,,,Beck.Colin.Dean@dtaa.com,,22625,0
{G3K9-O9RM76XU-3587JJXP},2010-06-21 18:29:52.0,BCD0482,Abigail.Brianna.Terrell@dtaa.com,,,Beck.Colin.Dean@dtaa.com,,25071,0
{D8S1-L9KT17GE-7424DBIS},2010-06-22 10:02:13.0,BCD0482,Irma.Liberty.Burns@dtaa.com;Quamar.Otto.Padilla@dtaa.com;Ahmed.Phelan.Alvarez@verizon.net,,,Beck.Colin.Dean@dtaa.com,,40553,2
{N4P4-P5ED20GK-1434YDPF},2010-06-22 14:25:16.0,BCD0482,Abigail.Brianna.Terrell@dtaa.com;Jonas.Lyle.Adams@gmail.com,,,Beck.Colin.Dean@dtaa.com,,51044,1
{A6F7-Q3ZR38OL-7583PWXB},2010-06-23 09:42:55.0,BCD0482,Jolene.Cameron.Jacobs@dtaa.com,,,Beck.Colin.Dean@dtaa.com,,43825,0
{L5O7-I6NC58WS-4002YYWY},2010-06-23 14:46:21.0,BCD0482,Jonas.Lyle.Adams@gmail.com,,,Beck.Colin.Dean@dtaa.com,,34631,0
{K5C6-K6RG47TY-1620WADZ},2010-06-24 17:02:34.0,BCD0482,Yardley.Caleb.Sawyer@dtaa.com;Jolene.Cameron.Jacobs@dtaa.com,,,Beck.Colin.Dean@dtaa.com,,22919,2
{G5A9-L5VL44LZ-4609CZYK},2010-06-24 18:57:33.0,BCD0482,William.Vernon.Booth@dtaa.com,,,Beck.Colin.Dean@dtaa.com,,19362,0
{Z8F1-C9LH59SD-4176BEGX},2010-06-24 19:05:46.0,BCD0482,Jolene.Cameron.Jacobs@dtaa.com,,,Beck.Colin.Dean@dtaa.com,,30861,0
{Z9W6-F8JC06EO-4842TRGM},2010-06-25 10:43:27.0,BCD0482,Hamilton.Donovan.Waller@dtaa.com,,,Beck.Colin.Dean@dtaa.com,,30375,0
{S5H5-A9RC57QE-6316TQQI},2010-06-25 15:35:30.0,BCD0482,Benjamin.Nicholas.Clark@northropgrumman.com,,,Beck.Colin.Dean@dtaa.com,,36317,0
{S5Z8-R7AX81AP-0072YBEK},2010-06-28 12:55:55.0,BCD0482,Benjamin.Nicholas.Clark@northropgrumman.com,,,Beck.Colin.Dean@dtaa.com,,24929,0
{E0J3-F7KN65CI-4961DECF},2010-06-28 16:05:33.0,BCD0482,Shellie.Medge.Jefferson@dtaa.com;Quyn.Tara.Patterson@dtaa.com,,,Beck.Colin.Dean@dtaa.com,,17717,0
{K6B7-P1IQ62MG-8394ODNT},2010-06-28 16:23:51.0,BCD0482,Cole.Dorian.Gibbs@dtaa.com,,,Beck.Colin.Dean@dtaa.com,,29824,0
{P1N6-E8IF29MP-1232ZZMO},2010-06-29 13:27:32.0,BCD0482,Elvis.Hamilton.Sandoval@dtaa.com,,,Beck.Colin.Dean@dtaa.com,,29652,1
{Q0T2-V0AW12FH-0474RVOX},2010-06-29 15:22:41.0,BCD0482,Hamilton.Donovan.Waller@dtaa.com,,,Beck.Colin.Dean@dtaa.com,,16498,0
{J7H2-F3ZQ58OA-0547XWXF},2010-06-29 18:21:40.0,BCD0482,Jaquelyn.September.David@dtaa.com;Hector.Jonah.Kim@dtaa.com,,,Beck.Colin.Dean@dtaa.com,,20943,3
{X7N0-R1AW61OC-2971HWNE},2010-06-30 11:06:04.0,BCD0482,Jonas.Lyle.Adams@gmail.com,,,Beck.Colin.Dean@dtaa.com,,31240,0
{W2U8-Q4YK99KL-2412QEJL},2010-06-30 12:02:11.0,BCD0482,Jonas.Lyle.Adams@gmail.com,,,Beck.Colin.Dean@dtaa.com,,34918,1
{L1J8-K2LN87KR-2941GUOS},2010-06-30 15:28:41.0,BCD0482,Quyn.Tara.Patterson@dtaa.com;Hamilton.Donovan.Waller@dtaa.com;Hamish.John.Gilmore@raytheon.com,,,Beck.Colin.Dean@dtaa.com,,29565,1
{L5R8-D0YA86DV-5034LQSB},2010-07-01 09:34:26.0,BCD0482,Malachi.Jakeem.Rush@dtaa.com,,,Beck.Colin.Dean@dtaa.com,,28213,0
{Z9I0-C8RS73XF-6607GLJY},2010-07-01 12:23:22.0,BCD0482,Hector.Jonah.Kim@dtaa.com,,,Beck.Colin.Dean@dtaa.com,,26698,0
{H0Z7-F4RS37BR-1405XYIN},2010-07-01 12:47:48.0,BCD0482,Quamar.Otto.Padilla@dtaa.com;Sybill.Mercedes.Golden@dtaa.com,,,Beck.Colin.Dean@dtaa.com,,25869,0
{A6A2-F5FD82OJ-0361EQOI},2010-07-02 09:48:28.0,BCD0482,Davis.Gareth.Cote@dtaa.com;Benjamin.Nicholas.Clark@northropgrumman.com,,,Beck.Colin.Dean@dtaa.com,,21974,1
{V9M3-Y6RP88MV-4580AIQQ},2010-07-02 11:39:48.0,BCD0482,Merritt.Abbot.Salinas@dtaa.com,,,Beck.Colin.Dean@dtaa.com,,35943,0
{C3F7-F4QK47QV-8618VCUG},2010-07-02 15:08:23.0,BCD0482,Ayanna.Yolanda.Nielsen@dtaa.com;Irma.Liberty.Burns@dtaa.com;Malachi.Jakeem.Rush@dtaa.com,,,Beck.Colin.Dean@dtaa.com,,26521,0
{B4Q8-X2MA80BK-5030CIFU},2010-07-06 14:43:11.0,BCD0482,Ferdinand.Leonard.Roth@dtaa.com;Blaine.Nora.Brown@dtaa.com;Hamilton.Donovan.Waller@dtaa.com;Lara.Melodie.Mosley@netzero.com,,,Beck.Colin.Dean@dtaa.com,,28269,0
{R4K4-O7MH94YA-2648NFVP},2010-07-06 17:05:03.0,BCD0482,Jaquelyn.September.David@dtaa.com,,,Beck.Colin.Dean@dtaa.com,,33754,1
{J9Y7-L2SX99YQ-5418DAIL},2010-07-06 18:09:17.0,BCD0482,Kane.Julian.Burgess@dtaa.com;Yardley.Caleb.Sawyer@dtaa.com,,,Beck.Colin.Dean@dtaa.com,,31627,4
{C5S6-P5WD73LD-5682YGME},2010-07-07 12:16:03.0,BCD0482,Merritt.Abbot.Salinas@dtaa.com;William.Vernon.Booth@dtaa.com;Blaine.Nora.Brown@dtaa.com,,,Beck.Colin.Dean@dtaa.com,,40302,0
{G5H3-G1EF17KZ-2372XXHQ},2010-07-07 16:49:14.0,BCD0482,Ayanna.Yolanda.Nielsen@dtaa.com;Hamilton.Donovan.Waller@dtaa.com,,,Beck.Colin.Dean@dtaa.com,,24793,1
{V6M2-M1JD54NS-9990MOFV},2010-07-08 11:10:10.0,BCD0482,Jolene.Cameron.Jacobs@dtaa.com;Hamilton.Donovan.Waller@dtaa.com,,,Beck.Colin.Dean@dtaa.com,,16776,0
{Y4G8-K0XF50DM-1879ZTMQ},2010-07-08 11:46:35.0,BCD0482,Abigail.Brianna.Terrell@dtaa.com;Shellie.Medge.Jefferson@dtaa.com,,,Beck.Colin.Dean@dtaa.com,,21175,0
{W4X4-T5FN70EC-1985HIGB},2010-07-08 17:34:09.0,BCD0482,William.Vernon.Booth@dtaa.com;Jermaine.Clarke.Barnett@dtaa.com,,,Beck.Colin.Dean@dtaa.com,,32673,0
{O2L9-M2WI05ZW-4932MGCR},2010-07-09 12:56:15.0,BCD0482,Cole.Dorian.Gibbs@dtaa.com;Abigail.Brianna.Terrell@dtaa.com;Benjamin.Nicholas.Clark@northropgrumman.com,,,Beck.Colin.Dean@dtaa.com,,23642,2
{K2B4-E7AE40ZL-5318XHAU},2010-07-09 14:02:32.0,BCD0482,Wade.Warren.Rivers@dtaa.com;Davis.Gareth.Cote@dtaa.com,,,Beck.Colin.Dean@dtaa.com,,30347,0
{U5S8-S4IF55MC-3876PWML},2010-07-09 18:06:49.0,BCD0482,Quamar.Otto.Padilla@dtaa.com,,,Beck.Colin.Dean@dtaa.com,,62897,0
{U8V6-L5CC15BV-7214VJXJ},2010-07-12 13:57:31.0,BCD0482,Shellie.Medge.Jefferson@dtaa.com,,,Beck.Colin.Dean@dtaa.com,,33440,1
{O5N6-Z2JC75OF-2287KPTL},2010-07-12 14:45:28.0,BCD0482,Quyn.Tara.Patterson@dtaa.com;Molly.Eliana.Suarez@dtaa.com;Kane.Julian.Burgess@dtaa.com,,,Beck.Colin.Dean@dtaa.com,,23651,2
{B8L7-D6JS33HG-9328VIXU},2010-07-12 15:29:55.0,BCD0482,Blaine.Nora.Brown@dtaa.com,,,Beck.Colin.Dean@dtaa.com,,38152,0
{J7Z7-I5HP57CL-9543BSKJ},2010-07-13 15:14:23.0,BCD0482,Davis.Gareth.Cote@dtaa.com,,,Beck.Colin.Dean@dtaa.com,,25430,1
{C9M3-O3NZ48BL-5587ZDVF},2010-07-13 17:57:40.0,BCD0482,Cole.Dorian.Gibbs@dtaa.com;Eden.Ahmed.Fitzgerald@dtaa.com;Hamilton.Donovan.Waller@dtaa.com,,,Beck.Colin.Dean@dtaa.com,,25774,2
{F6R1-A6QJ01PN-9685CZTV},2010-07-13 18:02:32.0,BCD0482,Elvis.Hamilton.Sandoval@dtaa.com,,,Beck.Colin.Dean@dtaa.com,,17396,0
{S6P8-V6RH31RG-7081BOMP},2010-07-14 09:29:09.0,BCD0482,Blake.Quamar.Aguilar@comcast.net,,,Beck.Colin.Dean@dtaa.com,,18300,0
{P7B0-A8RJ43PX-1567JZRT},2010-07-14 11:42:47.0,BCD0482,Hector.Jonah.Kim@dtaa.com,,,Beck.Colin.Dean@dtaa.com,,31260,0
{I6X2-C4GV61IE-1522KJNM},2010-07-14 16:03:08.0,BCD0482,Irma.Liberty.Burns@dtaa.com,,,Beck.Colin.Dean@dtaa.com,,30315,0
{Q7N3-W0SQ46FK-0595ZJFN},2010-07-15 09:53:25.0,BCD0482,Jaquelyn.September.David@dtaa.com,,,Beck.Colin.Dean@dtaa.com,,49450,0
{U1I2-D2KX19VT-8239REIW},2010-07-15 17:06:23.0,BCD0482,Blake.Quamar.Aguilar@comcast.net,,,Beck.Colin.Dean@dtaa.com,,36586,1
{H1F7-O9HZ95NQ-0392OXOG},2010-07-15 19:05:35.0,BCD0482,Elvis.Hamilton.Sandoval@dtaa.com,,,Beck.Colin.Dean@dtaa.com,,32752,0
{X7D7-Q1RF33KK-9343XHPP},2010-07-16 13:48:20.0,BCD0482,Lara.Melodie.Mosley@netzero.com,,,Beck.Colin.Dean@dtaa.com,,25274,0
{E0O7-A6LH88LJ-6478DFYS},2010-07-16 17:37:12.0,BCD0482,Amir.August.Roy@dtaa.com,,,Beck.Colin.Dean@dtaa.com,,26355,0
{Q5X9-S0QB95JA-4194TNMF},2010-07-19 17:07:18.0,BCD0482,Sybill.Mercedes.Golden@dtaa.com;Abigail.Brianna.Terrell@dtaa.com,,,Beck.Colin.Dean@dtaa.com,,31743,6
{A4Q2-Y9PL50HX-3418NHJH},2010-07-19 18:02:30.0,BCD0482,Hector.Jonah.Kim@dtaa.com;Howard.Jonathan.Contreras@dtaa.com,,,Beck.Colin.Dean@dtaa.com,,20227,4
{B3B4-Q5XT15OA-6610ICDY},2010-07-19 18:30:38.0,BCD0482,Malachi.Jakeem.Rush@dtaa.com,,,Beck.Colin.Dean@dtaa.com,,23113,0
{G8N5-H6QL35OR-6018GERM},2010-07-20 10:37:00.0,BCD0482,Yardley.Caleb.Sawyer@dtaa.com,,,Beck.Colin.Dean@dtaa.com,,16697,0
{K6Y5-V0MN17ME-3429LOTK},2010-07-20 16:00:50.0,BCD0482,Abigail.Brianna.Terrell@dtaa.com,,,Beck.Colin.Dean@dtaa.com,,21680,0
{L8B5-M0NF76WB-1080GIZG},2010-07-21 10:06:28.0,BCD0482,Quamar.Otto.Padilla@dtaa.com,,,Beck.Colin.Dean@dtaa.com,,30051,0
{O3W3-D7QJ06LK-3127WPRX},2010-07-21 12:34:47.0,BCD0482,Abigail.Brianna.Terrell@dtaa.com,,,Beck.Colin.Dean@dtaa.com,,39116,0
{R5X9-W5CV13MS-0162VJCS},2010-07-21 14:48:48.0,BCD0482,Merritt.Abbot.Salinas@dtaa.com;Davis.Gareth.Cote@dtaa.com,,,Beck.Colin.Dean@dtaa.com,,26334,0
{D6W7-Z8ZI95TF-3067VRHU},2010-07-22 10:59:16.0,BCD0482,Abigail.Brianna.Terrell@dtaa.com;Molly.Eliana.Suarez@dtaa.com,,,Beck.Colin.Dean@dtaa.com,,29998,1
{Y8D2-R3ZL58UF-4501BDEL},2010-07-22 12:14:56.0,BCD0482,Benjamin.Nicholas.Clark@northropgrumman.com,,,Beck.Colin.Dean@dtaa.com,,42605,0
{H8V9-E4XQ25ZC-4201HFVX},2010-07-22 16:43:42.0,BCD0482,Benjamin.Nicholas.Clark@northropgrumman.com,,,Beck.Colin.Dean@dtaa.com,,28826,0
{Z6L6-J1NM83BB-0386PFLD},2010-07-23 09:22:00.0,BCD0482,Sybill.Mercedes.Golden@dtaa.com,,,Beck.Colin.Dean@dtaa.com,,16602,0
{L8G7-F2TK57TB-8836JKMB},2010-07-23 15:11:06.0,BCD0482,Jaquelyn.September.David@dtaa.com;Irma.Liberty.Burns@dtaa.com;William.Vernon.Booth@dtaa.com,,,Beck.Colin.Dean@dtaa.com,,21112,0
{B7L2-X0ZH38HX-8534CPBD},2010-07-23 15:22:17.0,BCD0482,Sybill.Mercedes.Golden@dtaa.com;Joelle.Bryar.Carver@bellsouth.net,,,Beck.Colin.Dean@dtaa.com,,21342,1
{D5Y1-M8RF13MJ-9776ASIA},2010-07-26 10:40:23.0,BCD0482,William.Vernon.Booth@dtaa.com;Solomon.Ryan.Mckinney@dtaa.com;Joelle.Bryar.Carver@bellsouth.net,,,Beck.Colin.Dean@dtaa.com,,29471,1
{I0K1-T5IR55MH-0593GDXN},2010-07-26 14:59:28.0,BCD0482,Malachi.Jakeem.Rush@dtaa.com;Joelle.Bryar.Carver@bellsouth.net,,,Beck.Colin.Dean@dtaa.com,,22955,0
{A4J0-N9DM21ZX-0243FAJG},2010-07-26 15:05:44.0,BCD0482,Malachi.Jakeem.Rush@dtaa.com;Hashim.Kasper.Woodard@dtaa.com,,,Beck.Colin.Dean@dtaa.com,,57318,1
{Z5V3-P3YG90MZ-3528CDWT},2010-07-27 13:05:36.0,BCD0482,Perry.Deacon.Harding@dtaa.com,,,Beck.Colin.Dean@dtaa.com,,35437,0
{V6K3-Q8XX21LC-7427KFPI},2010-07-27 17:32:19.0,BCD0482,Hamilton.Donovan.Waller@dtaa.com,,,Beck.Colin.Dean@dtaa.com,,17257,0
{K5V0-V8YE17KA-0120UYPI},2010-07-27 18:31:13.0,BCD0482,Jolene.Cameron.Jacobs@dtaa.com;Hector.Jonah.Kim@dtaa.com,,,Beck.Colin.Dean@dtaa.com,,34784,0
{X8N4-W0WP09RD-8740OXJL},2010-07-28 11:26:36.0,BCD0482,Quamar.Otto.Padilla@dtaa.com;Jolene.Cameron.Jacobs@dtaa.com;Merritt.Abbot.Salinas@dtaa.com;Blaine.Nora.Brown@dtaa.com,,,Beck.Colin.Dean@dtaa.com,,21168,1
{P7K9-Z2DK06AD-6301YUJH},2010-07-28 15:35:32.0,BCD0482,Irma.Liberty.Burns@dtaa.com,,,Beck.Colin.Dean@dtaa.com,,24995,0
{I7V7-E7YL13UP-7042QLHU},2010-07-29 13:12:47.0,BCD0482,Hector.Jonah.Kim@dtaa.com;Cole.Dorian.Gibbs@dtaa.com;Quon.Rana.Flynn@dtaa.com,,,Beck.Colin.Dean@dtaa.com,,17958,1
{G3F7-L5WE22BD-0599HRFY},2010-07-29 18:36:24.0,BCD0482,Melanie.Iris.Kaufman@dtaa.com,,,Beck.Colin.Dean@dtaa.com,,28637,0
{W5H4-Y1CS53OB-3805GWUT},2010-07-30 16:43:18.0,BCD0482,Ferdinand.Leonard.Roth@dtaa.com;Quyn.Tara.Patterson@dtaa.com,,,Beck.Colin.Dean@dtaa.com,,32749,1
{I7C9-X6BT90SX-6517RHSY},2010-07-30 17:15:31.0,BCD0482,Hamilton.Donovan.Waller@dtaa.com,,,Beck.Colin.Dean@dtaa.com,,21730,0
{S8U7-H3SQ67IA-0166KZOK},2010-07-30 19:10:10.0,BCD0482,William.Vernon.Booth@dtaa.com;Sybill.Mercedes.Golden@dtaa.com,,,Beck.Colin.Dean@dtaa.com,,26010,0
{E5K8-Y5GW76ON-4648UYFX},2010-08-02 14:19:35.0,BCD0482,Davis.Gareth.Cote@dtaa.com;Jonas.Lyle.Adams@gmail.com,,,Beck.Colin.Dean@dtaa.com,,30737,0
{H4N6-M6OT45LI-1481LCQB},2010-08-02 18:10:32.0,BCD0482,Kane.Julian.Burgess@dtaa.com;Sybill.Mercedes.Golden@dtaa.com;Abigail.Brianna.Terrell@dtaa.com,,,Beck.Colin.Dean@dtaa.com,,33092,1
{Y8T5-E1UU64NO-8204EUFS},2010-08-02 18:34:27.0,BCD0482,Jaquelyn.September.David@dtaa.com,,,Beck.Colin.Dean@dtaa.com,,12744,1
{Z4C7-C4NP86QJ-5111DDOK},2010-08-03 12:23:30.0,BCD0482,Irma.Liberty.Burns@dtaa.com;Abigail.Brianna.Terrell@dtaa.com,,,Beck.Colin.Dean@dtaa.com,,35020,0
{G7I1-X5UO90FS-9733ZQOH},2010-08-03 13:29:27.0,BCD0482,Yardley.Caleb.Sawyer@dtaa.com,,,Beck.Colin.Dean@dtaa.com,,23749,0
{G4M6-L6CQ66JQ-5291GJAP},2010-08-04 10:30:04.0,BCD0482,Ferdinand.Leonard.Roth@dtaa.com;Jaquelyn.September.David@dtaa.com,,,Beck.Colin.Dean@dtaa.com,,29549,6
{T3I0-V0TR17YT-6201CJJH},2010-08-04 12:58:47.0,BCD0482,Jonas.Lyle.Adams@gmail.com,,,Beck.Colin.Dean@dtaa.com,,26350,0
{J6R4-O0KT69UI-8935PZYD},2010-08-04 13:28:47.0,BCD0482,Quamar.Otto.Padilla@dtaa.com;Merritt.Abbot.Salinas@dtaa.com,,,Beck.Colin.Dean@dtaa.com,,26078,0
{B8H2-W3WX32OG-6935JTDA},2010-08-05 12:58:00.0,BCD0482,Irma.Liberty.Burns@dtaa.com,,,Beck.Colin.Dean@dtaa.com,,40342,0
{S2N6-S9UB74AC-5211BPZL},2010-08-05 18:54:17.0,BCD0482,Roanna.Jillian.Johnson@dtaa.com,,,Beck.Colin.Dean@dtaa.com,,29653,0
{B8N7-O5LB83ND-0323CRZG},2010-08-06 12:26:25.0,BCD0482,Graiden.Tanek.Christensen@dtaa.com,,,Beck.Colin.Dean@dtaa.com,,26673,0
{Z4Q7-F2EK61ZG-6288FASB},2010-08-06 13:21:20.0,BCD0482,Malachi.Jakeem.Rush@dtaa.com;Quyn.Tara.Patterson@dtaa.com,,,Beck.Colin.Dean@dtaa.com,,29779,2
{Y0G4-Y2CZ82AA-3916SESZ},2010-08-09 11:52:43.0,BCD0482,Kane.Julian.Burgess@dtaa.com,,,Beck.Colin.Dean@dtaa.com,,34233,0
{A5Q1-P4SS38RN-1820QJIH},2010-08-09 14:54:36.0,BCD0482,Ayanna.Yolanda.Nielsen@dtaa.com,,,Beck.Colin.Dean@dtaa.com,,33687,1
{A2D6-C3PZ82DW-7671LMOF},2010-08-09 18:20:19.0,BCD0482,Blaine.Nora.Brown@dtaa.com,,,Beck.Colin.Dean@dtaa.com,,19334,0
{Q7D0-H7QO83EZ-7916AJTX},2010-08-10 14:13:39.0,BCD0482,Blaine.Nora.Brown@dtaa.com,,,Beck.Colin.Dean@dtaa.com,,41945,0
{H5S4-L0DE49RD-5436VFWF},2010-08-10 16:24:12.0,BCD0482,Mark.Hayes.Rosales@northropgrumman.com,,,Beck.Colin.Dean@dtaa.com,,25254,1
{D1R8-Z3GP12RZ-3921FEMN},2010-08-10 17:07:28.0,BCD0482,Cole.Dorian.Gibbs@dtaa.com;Jonas.Lyle.Adams@gmail.com,,,Beck.Colin.Dean@dtaa.com,,39241,0
{N1O4-U8RM51YB-8412PMRP},2010-08-11 09:25:38.0,BCD0482,Cameron.Armando.Witt@dtaa.com,,,Beck.Colin.Dean@dtaa.com,,22760,0
{B2C4-P3VW21AM-7175VBTT},2010-08-11 10:34:28.0,BCD0482,Molly.Eliana.Suarez@dtaa.com,,,Beck.Colin.Dean@dtaa.com,,42723,0
{X0E2-K2CM68EC-0529RKNR},2010-08-11 11:00:54.0,BCD0482,Regina.September.Hayden@earthlink.net,,,Beck.Colin.Dean@dtaa.com,,16789,1
{B8H3-X2AA64DO-1386WDUX},2010-08-12 11:21:40.0,BCD0482,Hector.Jonah.Kim@dtaa.com,,,Beck.Colin.Dean@dtaa.com,,20486,0
{V0G5-I3PO93TF-2151YRIX},2010-08-12 12:02:06.0,BCD0482,Ayanna.Yolanda.Nielsen@dtaa.com,,,Beck.Colin.Dean@dtaa.com,,42178,0
{K8U7-N8UI09FU-2595LNTX},2010-08-12 18:36:07.0,BCD0482,Jemima.Jane.Park@dtaa.com,,,Beck.Colin.Dean@dtaa.com,,28035,0
{D4W8-I1CV43NM-4631BLBJ},2010-08-13 12:51:04.0,BCD0482,Irma.Liberty.Burns@dtaa.com;Tanek.Harding.Simpson@dtaa.com,,,Beck.Colin.Dean@dtaa.com,,16441,0
{G4Y7-S5RK50VS-9743VKTC},2010-08-16 11:59:45.0,BCD0482,Jolene.Cameron.Jacobs@dtaa.com;Troy.Michael.Little@dtaa.com,,,Beck.Colin.Dean@dtaa.com,,31658,0
{A0B7-A8KJ85HJ-3626JKPN},2010-08-16 18:57:08.0,BCD0482,Blake.Quamar.Aguilar@comcast.net,,,Beck.Colin.Dean@dtaa.com,,25932,0
{U1B6-K3OT26MK-7738ZHQE},2010-08-16 19:19:44.0,BCD0482,Kai.Alexandra.Carroll@dtaa.com;Merritt.Abbot.Salinas@dtaa.com;Yardley.Caleb.Sawyer@dtaa.com,,,Beck.Colin.Dean@dtaa.com,,27860,1
{T0C7-D6QW04SD-3364CKKZ},2010-08-17 10:47:20.0,BCD0482,Hector.Jonah.Kim@dtaa.com,,,Beck.Colin.Dean@dtaa.com,,31225,0
{I5Q3-I9OD22ZE-7996PARG},2010-08-17 13:41:21.0,BCD0482,Jolene.Cameron.Jacobs@dtaa.com;Irma.Liberty.Burns@dtaa.com;Kane.Julian.Burgess@dtaa.com;Sybill.Mercedes.Golden@dtaa.com,,,Beck.Colin.Dean@dtaa.com,,35491,0
{K3C9-C1BZ62CG-0958QDUO},2010-08-18 09:44:27.0,BCD0482,Hector.Jonah.Kim@dtaa.com,,,Beck.Colin.Dean@dtaa.com,,27531,0
{N5M6-H9YX65BM-6969OUJE},2010-08-18 10:45:26.0,BCD0482,Blaine.Nora.Brown@dtaa.com;Benjamin.Nicholas.Clark@northropgrumman.com,,,Beck.Colin.Dean@dtaa.com,,30251,0
{C4R7-E7UR33VK-5367HXYV},2010-08-18 11:44:21.0,BCD0482,Kane.Julian.Burgess@dtaa.com;Yardley.Caleb.Sawyer@dtaa.com,,,Beck.Colin.Dean@dtaa.com,,19159,1
{A0J5-L4UE55ZO-5708TOWE},2010-08-19 13:53:26.0,BCD0482,Irma.Liberty.Burns@dtaa.com;Hector.Jonah.Kim@dtaa.com,,,Beck.Colin.Dean@dtaa.com,,17569,0
{F3J9-J6BR37OZ-0464PHDK},2010-08-19 18:51:21.0,BCD0482,Upton.Victor.Stanton@dtaa.com,,,Beck.Colin.Dean@dtaa.com,,18170,0
{Z7Q0-V4QE40IS-1093XMHS},2010-08-20 10:34:35.0,BCD0482,Davis.Gareth.Cote@dtaa.com;Neil.Tad.Cochran@dtaa.com,,,Beck.Colin.Dean@dtaa.com,,34471,0
{H3O5-S5BP00OY-9529JUHU},2010-08-20 11:41:28.0,BCD0482,Blaine.Nora.Brown@dtaa.com;Hector.Jonah.Kim@dtaa.com;Jonas.Lyle.Adams@gmail.com,,,Beck.Colin.Dean@dtaa.com,,18989,1
{V8J4-B2SR07SL-9004MLKM},2010-08-20 17:18:52.0,BCD0482,Jonas.Lyle.Adams@gmail.com,,,Beck.Colin.Dean@dtaa.com,,44757,0
{C9W3-D3JO31IZ-2097LVFI},2010-08-23 10:45:06.0,BCD0482,Shellie.Medge.Jefferson@dtaa.com;Hector.Jonah.Kim@dtaa.com;Shannon.Iola.Frye@dtaa.com,,,Beck.Colin.Dean@dtaa.com,,28747,0
{Y3E6-F1VL88FA-2428BDJR},2010-08-23 11:53:20.0,BCD0482,Quamar.Otto.Padilla@dtaa.com,,,Beck.Colin.Dean@dtaa.com,,30434,0
{Y9I3-N2DZ49ZJ-6408KAIJ},2010-08-23 16:48:48.0,BCD0482,Merritt.Abbot.Salinas@dtaa.com,,,Beck.Colin.Dean@dtaa.com,,25466,0
{C7T3-K3HK10DK-8891GGYU},2010-08-24 16:56:51.0,BCD0482,Uriel.Ethan.Gamble@optonline.net,,,Beck.Colin.Dean@dtaa.com,,43277,0
{Q4Y6-H4RE02IW-0573PTZB},2010-08-24 17:33:04.0,BCD0482,Abigail.Brianna.Terrell@dtaa.com,,,Beck.Colin.Dean@dtaa.com,,27190,3
{A7F8-Y0PX83UD-5796QPEA},2010-08-24 17:42:26.0,BCD0482,Sybill.Mercedes.Golden@dtaa.com,,,Beck.Colin.Dean@dtaa.com,,39657,0
{X3B4-A9WD95AX-6210UXWM},2010-08-25 09:24:41.0,BCD0482,Yardley.Caleb.Sawyer@dtaa.com,,,Beck.Colin.Dean@dtaa.com,,23080,0
{A0T0-K6MO04DW-1795QSAK},2010-08-25 10:50:17.0,BCD0482,Blaine.Nora.Brown@dtaa.com,,,Beck.Colin.Dean@dtaa.com,,32999,0
{E2S2-P1MG58ED-1332RMEC},2010-08-25 19:07:33.0,BCD0482,Shellie.Medge.Jefferson@dtaa.com;Quamar.Otto.Padilla@dtaa.com;Blake.Quamar.Aguilar@comcast.net,,,Beck.Colin.Dean@dtaa.com,,26972,0
{G5J7-V0HT37YA-5309NDOS},2010-08-26 14:50:35.0,BCD0482,Yardley.Caleb.Sawyer@dtaa.com,,,Beck.Colin.Dean@dtaa.com,,47803,1
{N2G0-I8KM43YU-2592KHST},2010-08-27 11:36:27.0,BCD0482,Quamar.Otto.Padilla@dtaa.com;Wade.Castor.Cabrera@dtaa.com,,,Beck.Colin.Dean@dtaa.com,,46409,0
{E4A3-M3FI32LD-1088GDLT},2010-08-27 12:24:38.0,BCD0482,Malachi.Jakeem.Rush@dtaa.com,,,Beck.Colin.Dean@dtaa.com,,19733,0
{J9X5-Q9TH61TP-1197MHMR},2010-08-30 09:26:11.0,BCD0482,Hamilton.Donovan.Waller@dtaa.com,,,Beck.Colin.Dean@dtaa.com,,23902,0
{D0G5-L8JC79VI-7917PSAM},2010-08-30 18:47:00.0,BCD0482,Sybill.Mercedes.Golden@dtaa.com,,,Beck.Colin.Dean@dtaa.com,,30254,0
{T6H8-R1GZ79FR-9940XUMH},2010-08-31 13:57:04.0,BCD0482,Kane.Julian.Burgess@dtaa.com;Merritt.Abbot.Salinas@dtaa.com,,,Beck.Colin.Dean@dtaa.com,,27717,0
{R0R1-K6OE70UC-8015KVDZ},2010-08-31 15:59:13.0,BCD0482,Jaquelyn.September.David@dtaa.com,,,Beck.Colin.Dean@dtaa.com,,33200,0
{L1B9-E5DD67KN-3910LULY},2010-09-01 12:06:31.0,BCD0482,Donovan.Richard.Holland@gmail.com,,,Beck.Colin.Dean@dtaa.com,,21848,3
{A7X1-U0JV34XH-9361FJVV},2010-09-01 16:10:48.0,BCD0482,Davis.Gareth.Cote@dtaa.com;Ayanna.Yolanda.Nielsen@dtaa.com,,,Beck.Colin.Dean@dtaa.com,,45593,0
{B2K9-X9FT53RY-0484HBFH},2010-09-02 09:57:22.0,BCD0482,Benjamin.Nicholas.Clark@northropgrumman.com,,,Beck.Colin.Dean@dtaa.com,,26966,0
{Z0J8-P5TM71CD-6739XPNC},2010-09-02 16:08:46.0,BCD0482,Francesca.Kylie.Russo@dtaa.com,,,Beck.Colin.Dean@dtaa.com,,27579,0
{N7Y6-H5LS22YJ-4267NOLI},2010-09-02 17:05:02.0,BCD0482,Molly.Eliana.Suarez@dtaa.com,,,Beck.Colin.Dean@dtaa.com,,33544,1
{A5R6-J0GZ74DN-7971GJFR},2010-09-03 11:43:44.0,BCD0482,Irma.Liberty.Burns@dtaa.com;Ferdinand.Leonard.Roth@dtaa.com,,,Beck.Colin.Dean@dtaa.com,,25556,1
{Q6E9-E7TV22LU-9200QHET},2010-09-03 13:35:02.0,BCD0482,Blaine.Nora.Brown@dtaa.com,,,Beck.Colin.Dean@dtaa.com,,26977,0
{N4J0-N7GV66YE-3926NYCA},2010-09-03 13:56:14.0,BCD0482,Quyn.Tara.Patterson@dtaa.com,,,Beck.Colin.Dean@dtaa.com,,24075,0
{M0T5-O6IC53CL-7333PZQB},2010-09-07 14:17:04.0,BCD0482,Jaquelyn.September.David@dtaa.com,,,Beck.Colin.Dean@dtaa.com,,19763,0
{R1J4-W0TF09AE-3735UJWX},2010-09-07 15:33:12.0,BCD0482,Hamilton.Donovan.Waller@dtaa.com,,,Beck.Colin.Dean@dtaa.com,,16947,3
{A6N3-E0IN88IJ-1590MVZG},2010-09-07 18:17:41.0,BCD0482,Cole.Dorian.Gibbs@dtaa.com,,,Beck.Colin.Dean@dtaa.com,,26117,0
{E9Y6-F1YG61YO-1722ZUFH},2010-09-08 12:04:50.0,BCD0482,Ginger.Geraldine.Petty@dtaa.com;Quyn.Tara.Patterson@dtaa.com;Kane.Julian.Burgess@dtaa.com;Kasper.Dante.Witt@netzero.com,,,Beck.Colin.Dean@dtaa.com,,33499,1
{X1Q7-L1UN02AJ-7491ECQI},2010-09-08 14:00:28.0,BCD0482,Blaine.Nora.Brown@dtaa.com,,,Beck.Colin.Dean@dtaa.com,,18980,0
{S6Z3-O8DB08OI-3600LQHF},2010-09-08 15:10:00.0,BCD0482,Yardley.Caleb.Sawyer@dtaa.com;Shellie.Medge.Jefferson@dtaa.com;Jaquelyn.September.David@dtaa.com;Jonas.Lyle.Adams@gmail.com,,,Beck.Colin.Dean@dtaa.com,,37944,0
{F8Y4-M3SI37GG-5877REVU},2010-09-09 12:15:36.0,BCD0482,Hamilton.Donovan.Waller@dtaa.com;Shellie.Medge.Jefferson@dtaa.com,,,Beck.Colin.Dean@dtaa.com,,14942,0
{C6W6-C1XU99IV-0213TBXS},2010-09-09 13:38:45.0,BCD0482,Davis.Gareth.Cote@dtaa.com;Irma.Liberty.Burns@dtaa.com;Abigail.Brianna.Terrell@dtaa.com;Chastity.Tamara.Fowler@dtaa.com,,,Beck.Colin.Dean@dtaa.com,,36539,1
{D5D5-H0UT61WN-5029QRYE},2010-09-09 19:02:40.0,BCD0482,Cole.Dorian.Gibbs@dtaa.com,,,Beck.Colin.Dean@dtaa.com,,36745,0
{W4E2-L4BN60EY-6735APYY},2010-09-10 11:06:24.0,BCD0482,Merritt.Abbot.Salinas@dtaa.com;Kelly.Hashim.Carr@dtaa.com;Yardley.Caleb.Sawyer@dtaa.com,,,Beck.Colin.Dean@dtaa.com,,24981,1
{V2C1-K5GT79XR-1903VAQK},2010-09-10 15:16:26.0,BCD0482,Abigail.Brianna.Terrell@dtaa.com;Jaquelyn.September.David@dtaa.com,,,Beck.Colin.Dean@dtaa.com,,31457,3
{P0U1-Y3KJ95ZK-6152NLNB},2010-09-10 19:22:19.0,BCD0482,Irma.Liberty.Burns@dtaa.com;Elvis.Hamilton.Sandoval@dtaa.com;Mark.Hayes.Rosales@northropgrumman.com,,,Beck.Colin.Dean@dtaa.com,,30524,2
{P8P4-Z0HF59TM-4648WAHH},2010-09-13 15:42:00.0,BCD0482,Benjamin.Nicholas.Clark@northropgrumman.com,,,Beck.Colin.Dean@dtaa.com,,40726,1
{H3O2-H1TK32QI-9201EBEI},2010-09-14 12:55:09.0,BCD0482,Nerea.Joy.Richardson@dtaa.com;Davis.Gareth.Cote@dtaa.com;Malachi.Jakeem.Rush@dtaa.com,,,Beck.Colin.Dean@dtaa.com,,28945,7
{O7K5-F5AZ97QY-5118DULI},2010-09-15 16:17:40.0,BCD0482,Kane.Julian.Burgess@dtaa.com,,,Beck.Colin.Dean@dtaa.com,,39578,0
{Y6D3-A5XM00HN-1319RHPN},2010-09-15 16:26:27.0,BCD0482,Blaine.Nora.Brown@dtaa.com;Yardley.Caleb.Sawyer@dtaa.com;Micah.Lyle.Sloan@dtaa.com,,,Beck.Colin.Dean@dtaa.com,,16675,0
{S5A8-T8JM90RU-7724UHVV},2010-09-16 12:08:20.0,BCD0482,Lee.Yen.Frazier@dtaa.com;Hector.Jonah.Kim@dtaa.com,,,Beck.Colin.Dean@dtaa.com,,26609,2
{E2G2-Z5WF24OD-1252AJTT},2010-09-16 14:02:29.0,BCD0482,Jaquelyn.September.David@dtaa.com,,,Beck.Colin.Dean@dtaa.com,,30451,1
{K1A8-K1HQ70GE-9432JZVQ},2010-09-17 12:20:39.0,BCD0482,Hamilton.Donovan.Waller@dtaa.com,,,Beck.Colin.Dean@dtaa.com,,30977,0
{E1L8-R5PE56UM-7428HHTD},2010-09-17 14:10:58.0,BCD0482,Abigail.Brianna.Terrell@dtaa.com;Blaine.Nora.Brown@dtaa.com,,,Beck.Colin.Dean@dtaa.com,,85904,0
{P3L2-G5JE44RN-4940RYJE},2010-09-17 17:10:35.0,BCD0482,Hamilton.Donovan.Waller@dtaa.com,,,Beck.Colin.Dean@dtaa.com,,26877,3
{M2Q3-V4PF91GY-6856PWYE},2010-09-20 10:24:32.0,BCD0482,Abigail.Brianna.Terrell@dtaa.com;Ayanna.Yolanda.Nielsen@dtaa.com,,,Beck.Colin.Dean@dtaa.com,,21320,1
{C0Q0-P2DE39EB-6793OJKY},2010-09-20 12:45:30.0,BCD0482,Ayanna.Yolanda.Nielsen@dtaa.com;Kane.Julian.Burgess@dtaa.com,,,Beck.Colin.Dean@dtaa.com,,12724,1
{U6T3-O9OI94BD-7260WFJI},2010-09-20 14:20:37.0,BCD0482,Audra.Madonna.Tran@dtaa.com;Ferdinand.Leonard.Roth@dtaa.com,,,Beck.Colin.Dean@dtaa.com,,27191,0
{M6R6-Y2SI89ZR-8065PKWO},2010-09-21 09:51:09.0,BCD0482,Ayanna.Yolanda.Nielsen@dtaa.com;Hamilton.Donovan.Waller@dtaa.com;Benjamin.Nicholas.Clark@northropgrumman.com,,,Beck.Colin.Dean@dtaa.com,,31471,1
{Q6L7-Z6US44VU-9259JJPM},2010-09-21 10:44:31.0,BCD0482,Eagan.Chase.Pratt@dtaa.com;Blaine.Nora.Brown@dtaa.com;Ferdinand.Leonard.Roth@dtaa.com,,,Beck.Colin.Dean@dtaa.com,,21023,1
{W5G4-U7YP94FX-1505WBIE},2010-09-21 13:20:49.0,BCD0482,Davis.Gareth.Cote@dtaa.com,,,Beck.Colin.Dean@dtaa.com,,23503,0
{O5B2-U0KK20LG-5736HWPI},2010-09-22 10:22:30.0,BCD0482,Abigail.Brianna.Terrell@dtaa.com;Quyn.Tara.Patterson@dtaa.com;Lara.Melodie.Mosley@netzero.com,,,Beck.Colin.Dean@dtaa.com,,25554,1
{K2O3-V1WL95EX-0489OWWE},2010-09-22 14:10:01.0,BCD0482,Geraldine.Linda.Warner@dtaa.com;Davis.Gareth.Cote@dtaa.com,,,Beck.Colin.Dean@dtaa.com,,31060,0
{L6K9-G7DF59PK-1479HLJL},2010-09-22 17:26:49.0,BCD0482,Cameron.Jonathan.Thomas@dtaa.com,,,Beck.Colin.Dean@dtaa.com,,23659,0
{G3Q3-T8LG97CX-8849MZFP},2010-09-23 14:47:55.0,BCD0482,Molly.Eliana.Suarez@dtaa.com,,,Beck.Colin.Dean@dtaa.com,,36500,1
{A0B8-E3IM25YJ-8281KXNT},2010-09-23 17:41:47.0,BCD0482,Ferdinand.Leonard.Roth@dtaa.com;Jolene.Cameron.Jacobs@dtaa.com,,,Beck.Colin.Dean@dtaa.com,,27811,0
{E9L9-Z3AG27TO-8002MGLQ},2010-09-24 11:07:56.0,BCD0482,Malachi.Jakeem.Rush@dtaa.com;Joelle.Bryar.Carver@bellsouth.net,,,Beck.Colin.Dean@dtaa.com,,17356,1
{W2A8-K5MF85DK-2890CPTZ},2010-09-24 14:45:28.0,BCD0482,Quyn.Tara.Patterson@dtaa.com;Ferdinand.Leonard.Roth@dtaa.com;Ina.Karyn.Wilkerson@dtaa.com,,,Beck.Colin.Dean@dtaa.com,,25612,1
{B1D0-Y4GI70VI-1706CGIZ},2010-09-27 17:48:04.0,BCD0482,Irma.Liberty.Burns@dtaa.com;Deirdre.Germaine.Mccarthy@aol.com,,,Beck.Colin.Dean@dtaa.com,,23177,0
{A6Z4-B2IG16AW-0243NXVU},2010-09-27 18:29:38.0,BCD0482,Ferdinand.Leonard.Roth@dtaa.com,,,Beck.Colin.Dean@dtaa.com,,25527,0
{X0F1-P5FE09TU-3199XYAS},2010-09-27 18:55:17.0,BCD0482,Nash.Derek.Alford@dtaa.com,,,Beck.Colin.Dean@dtaa.com,,37667,0
{P1F8-R7VG37HG-8008VMNN},2010-09-28 09:54:14.0,BCD0482,Kadeem.Troy.Randolph@dtaa.com;Ayanna.Yolanda.Nielsen@dtaa.com,,,Beck.Colin.Dean@dtaa.com,,41125,1
{Q6A5-Z3UB52XJ-0287RZVE},2010-09-28 12:09:40.0,BCD0482,Xenos.Benjamin.Byers@dtaa.com;Hamilton.Donovan.Waller@dtaa.com;Mark.Hayes.Rosales@northropgrumman.com,,,Beck.Colin.Dean@dtaa.com,,25300,2
{J9Q0-G6LU77BP-4242XRJW},2010-09-29 09:37:16.0,BCD0482,Blaine.Nora.Brown@dtaa.com;Elvis.Hamilton.Sandoval@dtaa.com,,,Beck.Colin.Dean@dtaa.com,,36458,0
{O6G0-K4YM77BA-7413UKEI},2010-09-29 11:38:24.0,BCD0482,Yardley.Caleb.Sawyer@dtaa.com,,,Beck.Colin.Dean@dtaa.com,,27505,0
{Z1D7-F0DR28SP-4996VPYT},2010-09-29 18:51:15.0,BCD0482,Blaine.Nora.Brown@dtaa.com;Sybill.Mercedes.Golden@dtaa.com;Benjamin.Nicholas.Clark@northropgrumman.com,,,Beck.Colin.Dean@dtaa.com,,36974,1
{C3F0-M8CJ39ME-4734BLHM},2010-09-30 10:09:15.0,BCD0482,Cole.Dorian.Gibbs@dtaa.com;Rhona.Aretha.Sykes@dtaa.com,,,Beck.Colin.Dean@dtaa.com,,29093,1
{S2G4-V1DL33LW-9736BHVP},2010-09-30 11:36:21.0,BCD0482,Merritt.Abbot.Salinas@dtaa.com,,,Beck.Colin.Dean@dtaa.com,,25303,0
{Z2L1-A1EL42FR-3704IKWF},2010-09-30 15:04:59.0,BCD0482,Shellie.Medge.Jefferson@dtaa.com,,,Beck.Colin.Dean@dtaa.com,,34514,1
{U7E9-F8XO28IV-3132WGIT},2010-10-01 11:26:11.0,BCD0482,Eve.Skyler.Nelson@dtaa.com,,,Beck.Colin.Dean@dtaa.com,,31093,0
{R6J1-N5VL09LW-1024PKJE},2010-10-01 16:51:34.0,BCD0482,Hamilton.Donovan.Waller@dtaa.com,,,Beck.Colin.Dean@dtaa.com,,49533,0
{X0B3-K4AG56LM-1127RZSZ},2010-10-01 17:01:17.0,BCD0482,Stephanie.Farrah.Moreno@dtaa.com,,,Beck.Colin.Dean@dtaa.com,,47814,0
{Q9T7-X0BW90DB-1551MQLZ},2010-10-04 10:30:19.0,BCD0482,Blaine.Nora.Brown@dtaa.com,,,Beck.Colin.Dean@dtaa.com,,21519,0
{A6F2-L8GB16PR-3844BPKI},2010-10-04 17:26:18.0,BCD0482,Merritt.Abbot.Salinas@dtaa.com;Shellie.Medge.Jefferson@dtaa.com,,,Beck.Colin.Dean@dtaa.com,,27370,0
{J6M7-F5WJ07HU-2355NPJI},2010-10-04 18:40:55.0,BCD0482,Shellie.Medge.Jefferson@dtaa.com,,,Beck.Colin.Dean@dtaa.com,,44450,0
{W7R1-R3GA45TM-1438EFCK},2010-10-05 10:10:28.0,BCD0482,Jaquelyn.September.David@dtaa.com,,,Beck.Colin.Dean@dtaa.com,,42931,0
{Q7J8-M8RQ86VT-7678TCNF},2010-10-05 10:36:43.0,BCD0482,Jolene.Cameron.Jacobs@dtaa.com;Yardley.Caleb.Sawyer@dtaa.com,,,Beck.Colin.Dean@dtaa.com,,21094,2
{D6I7-B8BX54CM-7098TOWD},2010-10-05 18:02:40.0,BCD0482,Blaine.Nora.Brown@dtaa.com,,,Beck.Colin.Dean@dtaa.com,,25957,0
{X5K9-A6LK83EN-6277ICER},2010-10-06 12:01:43.0,BCD0482,Quyn.Tara.Patterson@dtaa.com;Yardley.Caleb.Sawyer@dtaa.com;Benjamin.Nicholas.Clark@northropgrumman.com;Alden.Justin.Roberts@sbcglobal.net,,,Beck.Colin.Dean@dtaa.com,,26551,3
{Z6C8-X1ZO43DW-0703HYYZ},2010-10-06 14:25:31.0,BCD0482,Yardley.Caleb.Sawyer@dtaa.com;Merritt.Abbot.Salinas@dtaa.com,,,Beck.Colin.Dean@dtaa.com,,36674,0
{I2B5-N5FZ57AL-4560XOWI},2010-10-06 18:31:09.0,BCD0482,Ayanna.Yolanda.Nielsen@dtaa.com;William.Vernon.Booth@dtaa.com;Benjamin.Nicholas.Clark@northropgrumman.com,,,Beck.Colin.Dean@dtaa.com,,46591,2
{C4E3-B8XW88UU-8825QLYO},2010-10-07 09:53:02.0,BCD0482,Ayanna.Yolanda.Nielsen@dtaa.com,,,Beck.Colin.Dean@dtaa.com,,49985,1
{C7N4-G3DL95PA-0650HQGG},2010-10-07 18:43:30.0,BCD0482,Ayanna.Yolanda.Nielsen@dtaa.com;William.Vernon.Booth@dtaa.com;Sybill.Mercedes.Golden@dtaa.com,,,Beck.Colin.Dean@dtaa.com,,24582,1
{B8I6-R3WF21MS-8725IXSO},2010-10-07 18:51:10.0,BCD0482,Sybill.Mercedes.Golden@dtaa.com;Abigail.Brianna.Terrell@dtaa.com;Hector.Jonah.Kim@dtaa.com,,,Beck.Colin.Dean@dtaa.com,,21190,1
{Z3M5-Y0DK22DX-7468LQIL},2010-10-08 09:36:52.0,BCD0482,Blaine.Nora.Brown@dtaa.com,,,Beck.Colin.Dean@dtaa.com,,19558,2
{M7R1-W8PT33SK-7061QIDH},2010-10-08 11:17:31.0,BCD0482,Shellie.Medge.Jefferson@dtaa.com,,,Beck.Colin.Dean@dtaa.com,,26140,0
{Q7O0-F8PZ29VJ-1465POAL},2010-10-11 11:21:50.0,BCD0482,Ayanna.Yolanda.Nielsen@dtaa.com,,,Beck.Colin.Dean@dtaa.com,,32142,0
{Y5D6-Z9WA78BQ-2574CFJV},2010-10-11 15:17:21.0,BCD0482,Elvis.Hamilton.Sandoval@dtaa.com,,,Beck.Colin.Dean@dtaa.com,,31466,0
{K2L7-L0AP96FB-8687NUJG},2010-10-11 15:39:34.0,BCD0482,Kane.Julian.Burgess@dtaa.com,,,Beck.Colin.Dean@dtaa.com,,32439,0
{Z0Q2-H4TG17UM-5818YTVB},2010-10-12 15:21:02.0,BCD0482,Ferdinand.Leonard.Roth@dtaa.com;Merritt.Abbot.Salinas@dtaa.com,,,Beck.Colin.Dean@dtaa.com,,26997,1
{Y4O9-G5YG07QZ-1478ODBN},2010-10-12 17:57:13.0,BCD0482,Kane.Julian.Burgess@dtaa.com,,,Beck.Colin.Dean@dtaa.com,,21462,1
{H5P5-A1NL42FZ-2610XBND},2010-10-13 15:34:46.0,BCD0482,Cole.Dorian.Gibbs@dtaa.com;Abigail.Brianna.Terrell@dtaa.com;Elvis.Hamilton.Sandoval@dtaa.com;Benjamin.Nicholas.Clark@northropgrumman.com,,,Beck.Colin.Dean@dtaa.com,,28471,1
{S9K9-J5UV93DM-8753NJJJ},2010-10-13 18:25:51.0,BCD0482,Ferdinand.Leonard.Roth@dtaa.com;Kane.Julian.Burgess@dtaa.com,,,Beck.Colin.Dean@dtaa.com,,21823,0
{A4A4-K0HB60FF-6198PMJF},2010-10-14 13:35:28.0,BCD0482,Quyn.Tara.Patterson@dtaa.com;Mark.Hayes.Rosales@northropgrumman.com,,,Beck.Colin.Dean@dtaa.com,,20645,0
{G0A5-Z3ME70JD-9852GDQH},2010-10-14 18:01:18.0,BCD0482,Meredith.Carly.Richardson@dtaa.com,,,Beck.Colin.Dean@dtaa.com,,28113,0
{S2Z8-S7UN77UH-8167IKWE},2010-10-15 09:27:11.0,BCD0482,Blaine.Nora.Brown@dtaa.com,,,Beck.Colin.Dean@dtaa.com,,16925,0
{W6O1-T4ZR07ZW-8242LLRM},2010-10-15 15:41:38.0,BCD0482,Merritt.Abbot.Salinas@dtaa.com;Olivia.Lacy.Mcpherson@dtaa.com;Sybill.Mercedes.Golden@dtaa.com,,,Beck.Colin.Dean@dtaa.com,,45398,1
{J5A9-H2UM31HS-7506BRUM},2010-10-15 16:17:08.0,BCD0482,Ayanna.Yolanda.Nielsen@dtaa.com,,,Beck.Colin.Dean@dtaa.com,,37324,0
{G8M7-H2AL71EU-0106KBFO},2010-10-18 12:09:35.0,BCD0482,Ayanna.Yolanda.Nielsen@dtaa.com;Sawyer.Patrick.Horne@dtaa.com,,,Beck.Colin.Dean@dtaa.com,,38494,0
{G4N4-A4TY68DT-2256PDVY},2010-10-18 18:03:47.0,BCD0482,Jaquelyn.September.David@dtaa.com,,,Beck.Colin.Dean@dtaa.com,,20190,0
{I0J0-L8YW83VT-6028QQXY},2010-10-18 18:43:35.0,BCD0482,Jolene.Cameron.Jacobs@dtaa.com;Chaney.Amir.Ross@dtaa.com;Quyn.Tara.Patterson@dtaa.com,,,Beck.Colin.Dean@dtaa.com,,35657,2
{G9W5-W4PE79CM-8830OFUB},2010-10-19 12:25:21.0,BCD0482,Sybill.Mercedes.Golden@dtaa.com,,,Beck.Colin.Dean@dtaa.com,,19421,0
{N7K6-R0HH78DD-2042CCDX},2010-10-20 15:36:14.0,BCD0482,Cole.Dorian.Gibbs@dtaa.com;Elvis.Hamilton.Sandoval@dtaa.com;Prescott.Chase.Lowe@dtaa.com,,,Beck.Colin.Dean@dtaa.com,,23299,1
{D5I4-O2HP83GI-8558MYFS},2010-10-20 18:35:24.0,BCD0482,Ayanna.Yolanda.Nielsen@dtaa.com;Jaquelyn.September.David@dtaa.com;Alden.Justin.Roberts@sbcglobal.net,,,Beck.Colin.Dean@dtaa.com,,22788,0
{D0X4-O3GZ52AT-4091RICA},2010-10-21 11:41:16.0,BCD0482,Irma.Liberty.Burns@dtaa.com,,,Beck.Colin.Dean@dtaa.com,,47680,3
{H3W8-V5SX30BT-4711JGUF},2010-10-21 14:00:54.0,BCD0482,Hamilton.Donovan.Waller@dtaa.com;Merritt.Abbot.Salinas@dtaa.com;Jaquelyn.September.David@dtaa.com,,,Beck.Colin.Dean@dtaa.com,,15853,1
{A2Z0-A8LA06EV-6143FQNB},2010-10-21 16:55:29.0,BCD0482,Elvis.Hamilton.Sandoval@dtaa.com,,,Beck.Colin.Dean@dtaa.com,,27242,0
{H9G3-F9CN18DP-9781SLJZ},2010-10-22 09:04:22.0,BCD0482,Tad.Gabriel.Mays@dtaa.com,,,Beck.Colin.Dean@dtaa.com,,19308,0
{D0R5-T6JG75DS-7839TCKN},2010-10-22 13:25:59.0,BCD0482,Hector.Jonah.Kim@dtaa.com,,,Beck.Colin.Dean@dtaa.com,,21091,0
{G6U1-O8PF74RY-6435TYCK},2010-10-25 09:30:09.0,BCD0482,Yardley.Caleb.Sawyer@dtaa.com,,,Beck.Colin.Dean@dtaa.com,,33071,0
{P4W1-T0MR19MH-1811LYYQ},2010-10-25 17:19:03.0,BCD0482,Quyn.Tara.Patterson@dtaa.com;Benjamin.Nicholas.Clark@northropgrumman.com,,,Beck.Colin.Dean@dtaa.com,,28426,0
{R7N1-C6XF53AX-4619APZD},2010-10-25 18:04:04.0,BCD0482,Sybill.Mercedes.Golden@dtaa.com,,,Beck.Colin.Dean@dtaa.com,,31552,0
{G1B6-X8IR64SV-8421IOKD},2010-10-26 12:20:51.0,BCD0482,Quamar.Otto.Padilla@dtaa.com;William.Vernon.Booth@dtaa.com;Sybill.Mercedes.Golden@dtaa.com,,,Beck.Colin.Dean@dtaa.com,,35029,1
{K2O3-K9JO96ET-5200PAGG},2010-10-26 14:38:59.0,BCD0482,Kane.Julian.Burgess@dtaa.com,,,Beck.Colin.Dean@dtaa.com,,25747,2
{M6E0-M3UR41XG-9599DWIM},2010-10-27 11:12:17.0,BCD0482,Malachi.Jakeem.Rush@dtaa.com,,,Beck.Colin.Dean@dtaa.com,,27291,0
{B7Q9-V4RQ90QG-1625ABIQ},2010-10-27 11:39:55.0,BCD0482,Quyn.Tara.Patterson@dtaa.com;Merritt.Abbot.Salinas@dtaa.com;William.Vernon.Booth@dtaa.com;Cole.Dorian.Gibbs@dtaa.com,,,Beck.Colin.Dean@dtaa.com,,33251,1
{U8B7-P8AJ83GZ-9869FXVI},2010-10-27 17:53:45.0,BCD0482,Molly.Eliana.Suarez@dtaa.com;Hamilton.Donovan.Waller@dtaa.com;Sybill.Mercedes.Golden@dtaa.com;Abigail.Brianna.Terrell@dtaa.com,,,Beck.Colin.Dean@dtaa.com,,27677,2
{T6F3-V7ZP25MS-8744GQID},2010-10-28 13:03:08.0,BCD0482,Elvis.Hamilton.Sandoval@dtaa.com;Benjamin.Nicholas.Clark@northropgrumman.com,,,Beck.Colin.Dean@dtaa.com,,36054,1
{J3R4-Y6IU21LJ-2969TVRW},2010-10-29 12:37:06.0,BCD0482,Blaine.Nora.Brown@dtaa.com;Cole.Dorian.Gibbs@dtaa.com;Sybill.Mercedes.Golden@dtaa.com,,,Beck.Colin.Dean@dtaa.com,,43292,5
{F5C3-P4UX74JT-2423HZVG},2010-10-29 14:26:42.0,BCD0482,William.Vernon.Booth@dtaa.com,,,Beck.Colin.Dean@dtaa.com,,43111,0
{S7F9-L8VS51SE-8855LYKE},2010-11-01 12:29:16.0,BCD0482,Kane.Julian.Burgess@dtaa.com;Jonas.Lyle.Adams@gmail.com;Chadwick.Lucian.Gilmore@optonline.net,,,Beck.Colin.Dean@dtaa.com,,29573,1
{W7V6-X3RR09BE-6538NNRC},2010-11-01 17:30:24.0,BCD0482,Cole.Dorian.Gibbs@dtaa.com;Hector.Jonah.Kim@dtaa.com;Benjamin.Nicholas.Clark@northropgrumman.com,,,Beck.Colin.Dean@dtaa.com,,21768,0
{S9K1-J4HK54HS-9845JXLL},2010-11-01 18:50:28.0,BCD0482,William.Vernon.Booth@dtaa.com,,,Beck.Colin.Dean@dtaa.com,,35123,0
{U5E8-P7VJ31YS-4677AUQJ},2010-11-02 14:56:27.0,BCD0482,Sybill.Mercedes.Golden@dtaa.com;Molly.Eliana.Suarez@dtaa.com;Cole.Dorian.Gibbs@dtaa.com,,,Beck.Colin.Dean@dtaa.com,,24999,1
{G5N6-Q7SZ00PW-8995VHOH},2010-11-02 15:55:50.0,BCD0482,Quamar.Otto.Padilla@dtaa.com;Kane.Julian.Burgess@dtaa.com,,,Beck.Colin.Dean@dtaa.com,,51780,0
{D9Z6-C8TK47NA-6228QBOQ},2010-11-02 16:01:21.0,BCD0482,Elvis.Hamilton.Sandoval@dtaa.com,,,Beck.Colin.Dean@dtaa.com,,20188,0
{K0X3-C7DS25QX-9707KZLV},2010-11-03 13:57:36.0,BCD0482,Davis.Gareth.Cote@dtaa.com,,,Beck.Colin.Dean@dtaa.com,,30231,2
{D2J9-U7UK55EG-3033RCPP},2010-11-03 15:00:45.0,BCD0482,Blaine.Nora.Brown@dtaa.com;Benjamin.Nicholas.Clark@northropgrumman.com,,,Beck.Colin.Dean@dtaa.com,,25998,0
{O0A3-F2UE03BO-2707IHAA},2010-11-04 10:34:58.0,BCD0482,Jaquelyn.September.David@dtaa.com,,,Beck.Colin.Dean@dtaa.com,,18490,0
{K0I6-Y1BQ94BM-1761XNXP},2010-11-04 17:50:05.0,BCD0482,Zelenia.Charlotte.Lamb@dtaa.com,,,Beck.Colin.Dean@dtaa.com,,44112,0
{R2M1-Q4EK74DH-9862KIKN},2010-11-04 19:28:47.0,BCD0482,Abdul.Nathaniel.Kelly@cox.net,,,Beck.Colin.Dean@dtaa.com,,27418,0
{X2D1-B2UU72BD-9357FRVQ},2010-11-05 14:36:49.0,BCD0482,William.Vernon.Booth@dtaa.com,,,Beck.Colin.Dean@dtaa.com,,36983,0
{C6V2-U4KJ99US-7872IQVQ},2010-11-05 15:24:13.0,BCD0482,Ayanna.Yolanda.Nielsen@dtaa.com;Davis.Gareth.Cote@dtaa.com,,,Beck.Colin.Dean@dtaa.com,,15129,0
{E5B1-B8VL22PI-3423FJFQ},2010-11-05 16:05:31.0,BCD0482,Merritt.Abbot.Salinas@dtaa.com;Benjamin.Nicholas.Clark@northropgrumman.com;Jonas.Lyle.Adams@gmail.com,,,Beck.Colin.Dean@dtaa.com,,23847,2
{H8A5-M2EY55II-6930CSJD},2010-11-08 13:37:43.0,BCD0482,Rae.Heidi.Fletcher@juno.com,,,Beck.Colin.Dean@dtaa.com,,28744,0
{Y2M3-P3OP49MA-0567WEZI},2010-11-08 16:52:27.0,BCD0482,Abigail.Brianna.Terrell@dtaa.com,,,Beck.Colin.Dean@dtaa.com,,21922,0
{E0P1-M8CD00RE-8683TOTV},2010-11-08 17:31:06.0,BCD0482,Elvis.Hamilton.Sandoval@dtaa.com;Irma.Liberty.Burns@dtaa.com,,,Beck.Colin.Dean@dtaa.com,,41465,0
{F7Y9-G7RJ52RS-6444BQHU},2010-11-09 09:11:12.0,BCD0482,Adria.Sasha.Wise@raytheon.com,,,Beck.Colin.Dean@dtaa.com,,26860,0
{B0N7-Z3MT70OY-8128YQSP},2010-11-09 13:38:27.0,BCD0482,Ocean.Clementine.Long@dtaa.com,,,Beck.Colin.Dean@dtaa.com,,35738,0
{P8P4-S2YV65AQ-0857EDIQ},2010-11-09 15:41:14.0,BCD0482,Ferdinand.Leonard.Roth@dtaa.com;Ayanna.Yolanda.Nielsen@dtaa.com,,,Beck.Colin.Dean@dtaa.com,,38880,2
{I8Z8-P6YE79JS-1383OMLG},2010-11-10 09:28:45.0,BCD0482,Cole.Dorian.Gibbs@dtaa.com,,,Beck.Colin.Dean@dtaa.com,,30427,0
{J0C2-K4WZ10JY-1480BZAE},2010-11-10 13:10:39.0,BCD0482,Hamilton.Donovan.Waller@dtaa.com,,,Beck.Colin.Dean@dtaa.com,,25546,0
{Q0T9-K4KI90DR-1357IEIJ},2010-11-10 14:03:14.0,BCD0482,Irma.Liberty.Burns@dtaa.com,,,Beck.Colin.Dean@dtaa.com,,61256,0
{F4W6-W1QF15QZ-5979ARKU},2010-11-11 13:54:06.0,BCD0482,Ayanna.Yolanda.Nielsen@dtaa.com;Benjamin.Nicholas.Clark@northropgrumman.com;Jonas.Lyle.Adams@gmail.com,,,Beck.Colin.Dean@dtaa.com,,28083,0
{U1Z0-R9OR04OB-9375NZWA},2010-11-11 16:54:22.0,BCD0482,Molly.Eliana.Suarez@dtaa.com,,,Beck.Colin.Dean@dtaa.com,,31001,0
{F0Z0-P5EF43FU-6669RXXE},2010-11-11 17:28:38.0,BCD0482,Sybill.Mercedes.Golden@dtaa.com;Blaine.Nora.Brown@dtaa.com;Abigail.Brianna.Terrell@dtaa.com,,,Beck.Colin.Dean@dtaa.com,,27857,1
{F5D4-H8NL70SK-3775LZFX},2010-11-12 10:17:48.0,BCD0482,Georgia.Hope.Shaffer@dtaa.com;Benjamin.Nicholas.Clark@northropgrumman.com,,,Beck.Colin.Dean@dtaa.com,,29753,0
{N7P2-T3WN46UU-1305UZEV},2010-11-12 15:10:35.0,BCD0482,Kane.Julian.Burgess@dtaa.com,,,Beck.Colin.Dean@dtaa.com,,36541,0
{B2I3-O0CI95YO-1869BTUD},2010-11-15 12:27:08.0,BCD0482,Jonas.Lyle.Adams@gmail.com,,,Beck.Colin.Dean@dtaa.com,,33361,0
{K3Z5-J4UK74XF-7527VUMQ},2010-11-15 13:25:42.0,BCD0482,Hector.Jonah.Kim@dtaa.com;Sybill.Mercedes.Golden@dtaa.com,,,Beck.Colin.Dean@dtaa.com,,32604,1
{X5T8-H1WD89SD-1540WTGP},2010-11-15 17:12:49.0,BCD0482,Ferdinand.Leonard.Roth@dtaa.com,,,Beck.Colin.Dean@dtaa.com,,43982,0
{J1R8-D7IE37KB-2203UIPC},2010-11-16 12:41:17.0,BCD0482,Sybill.Mercedes.Golden@dtaa.com,,,Beck.Colin.Dean@dtaa.com,,34879,0
{N1N0-N7YR62OW-4278WWFP},2010-11-16 14:39:55.0,BCD0482,Kane.Julian.Burgess@dtaa.com;Elvis.Hamilton.Sandoval@dtaa.com,,,Beck.Colin.Dean@dtaa.com,,19637,0
{G0L6-D9FR70AJ-6248BKJO},2010-11-17 10:10:08.0,BCD0482,Kane.Julian.Burgess@dtaa.com,,,Beck.Colin.Dean@dtaa.com,,30236,1
{K0A6-K6ZY45WL-3186NHOX},2010-11-17 12:46:55.0,BCD0482,Cole.Dorian.Gibbs@dtaa.com,,,Beck.Colin.Dean@dtaa.com,,38338,0
{J8W1-C3DB97OG-3466CZSW},2010-11-18 09:19:22.0,BCD0482,Quyn.Tara.Patterson@dtaa.com;Sybill.Mercedes.Golden@dtaa.com;Cole.Dorian.Gibbs@dtaa.com;Malachi.Jakeem.Rush@dtaa.com,,,Beck.Colin.Dean@dtaa.com,,16744,2
{P3L9-Q7JA06LN-0607FOKV},2010-11-18 17:43:53.0,BCD0482,Ferdinand.Leonard.Roth@dtaa.com;Quyn.Tara.Patterson@dtaa.com;Benjamin.Nicholas.Clark@northropgrumman.com,,,Beck.Colin.Dean@dtaa.com,,25638,0
{A8H8-T9II31VE-8017JATV},2010-11-18 18:24:46.0,BCD0482,Hamilton.Donovan.Waller@dtaa.com,,,Beck.Colin.Dean@dtaa.com,,21679,0
{O0L0-D4HG24VE-5891KNRY},2010-11-19 14:12:58.0,BCD0482,Cole.Dorian.Gibbs@dtaa.com,,,Beck.Colin.Dean@dtaa.com,,21856,0
{T9D1-J5QK34NV-1846TSIK},2010-11-19 15:26:22.0,BCD0482,Jonas.Lyle.Adams@gmail.com;Benjamin.Nicholas.Clark@northropgrumman.com,,,Beck.Colin.Dean@dtaa.com,,35890,3
{A8L3-N9IV78SE-8355MCHT},2010-11-19 17:17:59.0,BCD0482,Quyn.Tara.Patterson@dtaa.com;Ayanna.Yolanda.Nielsen@dtaa.com;Kane.Julian.Burgess@dtaa.com;Molly.Eliana.Suarez@dtaa.com;Walter.Moses.Noble@dtaa.com,,,Beck.Colin.Dean@dtaa.com,,39632,3
{I2W3-O9NV03NG-0836PCLY},2010-11-22 11:36:31.0,BCD0482,Davis.Gareth.Cote@dtaa.com;Kane.Julian.Burgess@dtaa.com;Merritt.Abbot.Salinas@dtaa.com;Lara.Melodie.Mosley@netzero.com,,,Beck.Colin.Dean@dtaa.com,,43658,1
{L3X7-E1GJ00EN-0316LWMA},2010-11-22 18:09:11.0,BCD0482,Quyn.Tara.Patterson@dtaa.com;Hector.Jonah.Kim@dtaa.com,,,Beck.Colin.Dean@dtaa.com,,15775,1
{U5E6-M1NC13BI-8831CUIN},2010-11-23 12:43:00.0,BCD0482,Germane.Vielka.Rivas@dtaa.com,,,Beck.Colin.Dean@dtaa.com,,20575,0
{V1R7-D7OY24VG-5521RZAR},2010-11-23 19:20:52.0,BCD0482,Ferdinand.Leonard.Roth@dtaa.com;Perry.Deacon.Harding@dtaa.com;Lars.Scott.Hatfield@dtaa.com;Blaine.Nora.Brown@dtaa.com,,,Beck.Colin.Dean@dtaa.com,,33046,2
{X0N7-Y6DC90DR-8873IBFR},2010-11-24 13:06:38.0,BCD0482,Hector.Jonah.Kim@dtaa.com;Davis.Gareth.Cote@dtaa.com,,,Beck.Colin.Dean@dtaa.com,,33589,0
{R6Y2-E8RC10TX-7166LZSJ},2010-11-24 13:19:51.0,BCD0482,Quamar.Otto.Padilla@dtaa.com;Abigail.Brianna.Terrell@dtaa.com,,,Beck.Colin.Dean@dtaa.com,,24954,0
{E4I8-M5PY24IX-5779QYVA},2010-11-24 17:25:57.0,BCD0482,Merritt.Abbot.Salinas@dtaa.com,,,Beck.Colin.Dean@dtaa.com,,22499,0
{T6P9-I5EA08PZ-2516OQQP},2010-11-29 12:59:55.0,BCD0482,Kane.Julian.Burgess@dtaa.com;Merritt.Abbot.Salinas@dtaa.com,,,Beck.Colin.Dean@dtaa.com,,30138,0
{W4L1-N1FI52UP-0057JACP},2010-11-29 14:03:48.0,BCD0482,Cole.Dorian.Gibbs@dtaa.com;Abigail.Brianna.Terrell@dtaa.com,,,Beck.Colin.Dean@dtaa.com,,26800,5
{N1H2-Y6UF88OB-5780DHWA},2010-11-30 09:37:13.0,BCD0482,Jonas.Lyle.Adams@gmail.com,,,Beck.Colin.Dean@dtaa.com,,25512,0
{U1T1-B5EG75YR-5576UJJM},2010-11-30 18:46:17.0,BCD0482,Elvis.Hamilton.Sandoval@dtaa.com;Blaine.Nora.Brown@dtaa.com,,,Beck.Colin.Dean@dtaa.com,,24753,1
{G7B0-G2MA90EX-5010OEXK},2010-12-01 12:48:14.0,BCD0482,William.Vernon.Booth@dtaa.com;Joelle.Bryar.Carver@bellsouth.net,,,Beck.Colin.Dean@dtaa.com,,27815,0
{P6C3-Y0EX64RM-7514PZBK},2010-12-01 13:41:47.0,BCD0482,Hector.Jonah.Kim@dtaa.com,,,Beck.Colin.Dean@dtaa.com,,19987,0
{G8D8-N9ZP66JS-9037GRAX},2010-12-01 14:25:55.0,BCD0482,Jena.Vanna.White@dtaa.com;Sybill.Mercedes.Golden@dtaa.com,,,Beck.Colin.Dean@dtaa.com,,25415,2
{T4T4-R8QZ94PG-9627MNGS},2010-12-02 11:56:13.0,BCD0482,Alisa.Shaine.Adkins@dtaa.com;Quamar.Otto.Padilla@dtaa.com;Sybill.Mercedes.Golden@dtaa.com;Davis.Gareth.Cote@dtaa.com;Jonas.Lyle.Adams@gmail.com,,,Beck.Colin.Dean@dtaa.com,,19676,0
{S0Z6-R8DU94RT-0552QZXR},2010-12-02 12:50:28.0,BCD0482,Quamar.Otto.Padilla@dtaa.com;Tucker.William.Mosley@dtaa.com,,,Beck.Colin.Dean@dtaa.com,,45377,0
{C8O5-B4TG86EN-5862CJEE},2010-12-02 13:45:53.0,BCD0482,Kelly.Elton.Porter@dtaa.com,,,Beck.Colin.Dean@dtaa.com,,13520,1
{X8R2-F1ZZ05MB-0242BZEQ},2010-12-03 09:40:09.0,BCD0482,Irma.Liberty.Burns@dtaa.com;Cole.Dorian.Gibbs@dtaa.com;Quyn.Tara.Patterson@dtaa.com;Axel.Hoyt.Velazquez@bellsouth.net;Benjamin.Nicholas.Clark@northropgrumman.com,,,Beck.Colin.Dean@dtaa.com,,20281,4
{S3I1-L4SS99ZI-1879XWIL},2010-12-03 10:53:57.0,BCD0482,Ferdinand.Leonard.Roth@dtaa.com,,,Beck.Colin.Dean@dtaa.com,,23615,0
{F1A9-R7CQ51MY-2650XZBN},2010-12-03 16:52:15.0,BCD0482,Merritt.Abbot.Salinas@dtaa.com;Abigail.Brianna.Terrell@dtaa.com,,,Beck.Colin.Dean@dtaa.com,,48172,1
{K3Q2-V8BZ44XH-0263VTFP},2010-12-06 11:10:37.0,BCD0482,Bell.Zoe.Terry@dtaa.com,,,Beck.Colin.Dean@dtaa.com,,24032,0
{Y3J4-C4ID57OR-5380IAJC},2010-12-06 18:59:11.0,BCD0482,Sharon.Montana.Barnett@dtaa.com,,,Beck.Colin.Dean@dtaa.com,,57982,0
{G3X9-G8JO37SC-0024JCSR},2010-12-07 16:41:50.0,BCD0482,Merritt.Abbot.Salinas@dtaa.com;Benjamin.Nicholas.Clark@northropgrumman.com,,,Beck.Colin.Dean@dtaa.com,,26660,5
{J3H0-D6QB39DY-2116XFLJ},2010-12-08 09:13:20.0,BCD0482,William.Vernon.Booth@dtaa.com,,,Beck.Colin.Dean@dtaa.com,,32483,0
{L8X5-A7OM56JA-8629EMCB},2010-12-08 17:05:03.0,BCD0482,Malachi.Jakeem.Rush@dtaa.com,,,Beck.Colin.Dean@dtaa.com,,60039,0
{F9Y1-E6CM39PB-0119RQUH},2010-12-09 09:46:26.0,BCD0482,Hamilton.Donovan.Waller@dtaa.com,,,Beck.Colin.Dean@dtaa.com,,22286,0
{J0U5-B9SH01TO-0908XUMA},2010-12-09 13:35:17.0,BCD0482,Elvis.Hamilton.Sandoval@dtaa.com,,,Beck.Colin.Dean@dtaa.com,,23649,3
{H7X1-P6ES33HU-4371DPFQ},2010-12-09 18:17:53.0,BCD0482,Helen.Angela.Shepard@dtaa.com,,,Beck.Colin.Dean@dtaa.com,,24400,0
{Y5U5-Q1GQ04JM-5135DWGQ},2010-12-10 15:38:54.0,BCD0482,Sybill.Mercedes.Golden@dtaa.com;Davis.Gareth.Cote@dtaa.com,,,Beck.Colin.Dean@dtaa.com,,49161,0
{N6V3-T5PT45YT-3637DZTV},2010-12-10 18:56:50.0,BCD0482,Elvis.Hamilton.Sandoval@dtaa.com,,,Beck.Colin.Dean@dtaa.com,,16143,0
{W7O8-L3JL67VX-1401AASD},2010-12-13 12:38:11.0,BCD0482,Jolene.Cameron.Jacobs@dtaa.com;Sybill.Mercedes.Golden@dtaa.com,,,Beck.Colin.Dean@dtaa.com,,31690,0
{M3N6-C0XO48XQ-7178SGOE},2010-12-13 18:22:31.0,BCD0482,Benjamin.Nicholas.Clark@northropgrumman.com,,,Beck.Colin.Dean@dtaa.com,,34814,0
{W7I1-U8AC18FS-7660NVJQ},2010-12-14 11:45:47.0,BCD0482,Alden.Justin.Roberts@sbcglobal.net,,,Beck.Colin.Dean@dtaa.com,,57213,0
{J7Z5-D8GR70UH-8550WHZE},2010-12-14 14:01:25.0,BCD0482,Cole.Dorian.Gibbs@dtaa.com;Ferdinand.Leonard.Roth@dtaa.com,,,Beck.Colin.Dean@dtaa.com,,31665,0
{G8F1-Y8HH70PC-5810DKIP},2010-12-14 17:16:18.0,BCD0482,Malachi.Jakeem.Rush@dtaa.com;Quamar.Otto.Padilla@dtaa.com,,,Beck.Colin.Dean@dtaa.com,,33350,0
{D4Z3-L8CG81FO-0002FCSF},2010-12-15 15:04:48.0,BCD0482,Sybill.Mercedes.Golden@dtaa.com;Ayanna.Yolanda.Nielsen@dtaa.com;Hermione.Quynn.Cross@dtaa.com;Jolene.Cameron.Jacobs@dtaa.com,,,Beck.Colin.Dean@dtaa.com,,20636,3
{Z1G5-D8TE94VX-8313BUMI},2010-12-15 16:57:09.0,BCD0482,Farrah.McKenzie.Hines@cox.net;Jonas.Lyle.Adams@gmail.com,,,Beck.Colin.Dean@dtaa.com,,31020,2
{P7W9-W0XP77NF-6338MDWQ},2010-12-16 12:16:54.0,BCD0482,Merritt.Abbot.Salinas@dtaa.com,,,Beck.Colin.Dean@dtaa.com,,27744,0
{S7K4-G2BF43JI-1166QHVK},2010-12-16 16:05:15.0,BCD0482,William.Vernon.Booth@dtaa.com,,,Beck.Colin.Dean@dtaa.com,,25352,0
{J8Z5-S9IW60GO-0944WGRS},2010-12-16 16:25:19.0,BCD0482,Kane.Julian.Burgess@dtaa.com,,,Beck.Colin.Dean@dtaa.com,,36959,0
{W3Z2-G1BQ94PA-6021SVNG},2010-12-17 12:02:51.0,BCD0482,Alden.Justin.Roberts@sbcglobal.net,,,Beck.Colin.Dean@dtaa.com,,21135,0
{N7G0-W1PI77WY-6555CDQV},2010-12-17 14:55:20.0,BCD0482,Kane.Julian.Burgess@dtaa.com;Davis.Gareth.Cote@dtaa.com,,,Beck.Colin.Dean@dtaa.com,,32287,0
{L4B7-Y5PG96VF-1241TTJB},2010-12-20 13:40:00.0,BCD0482,Jaquelyn.September.David@dtaa.com,,,Beck.Colin.Dean@dtaa.com,,41037,0
{I7N7-R7IO20KY-9044JBTY},2010-12-20 16:50:45.0,BCD0482,Merritt.Abbot.Salinas@dtaa.com,,,Beck.Colin.Dean@dtaa.com,,42128,0
{M5O8-H9NG03VR-9001UUKE},2010-12-20 19:08:18.0,BCD0482,Jaquelyn.September.David@dtaa.com,,,Beck.Colin.Dean@dtaa.com,,24609,0
{W8M3-W0TS53UH-7489BZMK},2010-12-21 10:27:17.0,BCD0482,Irma.Liberty.Burns@dtaa.com;Malachi.Jakeem.Rush@dtaa.com;Abigail.Brianna.Terrell@dtaa.com,,,Beck.Colin.Dean@dtaa.com,,38375,3
{P0N9-P3WN45KK-4837EDPN},2010-12-21 16:55:19.0,BCD0482,Benjamin.Nicholas.Clark@northropgrumman.com,,,Beck.Colin.Dean@dtaa.com,,27756,0
{U6G2-C8ZG24VV-3003TVIO},2010-12-22 11:33:02.0,BCD0482,Ferdinand.Leonard.Roth@dtaa.com;Jolene.Cameron.Jacobs@dtaa.com;Ayanna.Yolanda.Nielsen@dtaa.com,,,Beck.Colin.Dean@dtaa.com,,52804,1
{D7P1-Y6ZL63ZA-2908RSIF},2010-12-22 12:12:20.0,BCD0482,Quyn.Tara.Patterson@dtaa.com,,,Beck.Colin.Dean@dtaa.com,,42884,0
{V2D3-N9VW03LT-1849TEAK},2010-12-22 13:48:16.0,BCD0482,Quyn.Tara.Patterson@dtaa.com,,,Beck.Colin.Dean@dtaa.com,,18873,0
{R5F5-N2YZ75VW-3213BTQV},2010-12-27 14:21:40.0,BCD0482,Elvis.Hamilton.Sandoval@dtaa.com;Malachi.Jakeem.Rush@dtaa.com;Ayanna.Yolanda.Nielsen@dtaa.com,,,Beck.Colin.Dean@dtaa.com,,14354,5
{D6K9-D5FJ60WB-7423MBWF},2010-12-27 16:53:41.0,BCD0482,Abigail.Brianna.Terrell@dtaa.com,,,Beck.Colin.Dean@dtaa.com,,21360,0
{A4W8-O2XD03CV-5437MJIG},2010-12-27 17:53:40.0,BCD0482,Hamilton.Donovan.Waller@dtaa.com;Ferdinand.Leonard.Roth@dtaa.com,,,Beck.Colin.Dean@dtaa.com,,26295,0
{Z2W3-X6YL62GJ-6470PWJV},2010-12-28 10:01:43.0,BCD0482,Jonas.Lyle.Adams@gmail.com,,,Beck.Colin.Dean@dtaa.com,,37716,0
{P4C6-D2JV06UQ-0827BWKD},2010-12-30 10:06:28.0,BCD0482,Quyn.Tara.Patterson@dtaa.com;Jonas.Lyle.Adams@gmail.com,,,Beck.Colin.Dean@dtaa.com,,30285,0
{J2I2-D5GM78SU-7302TDBB},2010-12-30 11:44:52.0,BCD0482,Yuri.Kylan.Weaver@dtaa.com,,,Beck.Colin.Dean@dtaa.com,,34082,0
{B6U2-B9YY70XA-0420KBDX},2010-12-30 18:33:48.0,BCD0482,Hector.Jonah.Kim@dtaa.com;Ayanna.Yolanda.Nielsen@dtaa.com,,,Beck.Colin.Dean@dtaa.com,,18493,0
{Q2D8-Z4HX28EX-4784ULSW},2011-01-03 16:41:29.0,BCD0482,Casey.Adena.Butler@dtaa.com;William.Vernon.Booth@dtaa.com;Hamilton.Donovan.Waller@dtaa.com;Benjamin.Nicholas.Clark@northropgrumman.com,,,Beck.Colin.Dean@dtaa.com,,24648,6
{U5O7-M8WX98EQ-5361NSAY},2011-01-04 11:00:01.0,BCD0482,Jolene.Cameron.Jacobs@dtaa.com;Maryam.Althea.Bird@dtaa.com,,,Beck.Colin.Dean@dtaa.com,,34930,0
{E0Z6-O3WT50SW-0934VBIF},2011-01-04 18:01:18.0,BCD0482,Ferdinand.Leonard.Roth@dtaa.com;Abigail.Brianna.Terrell@dtaa.com,,,Beck.Colin.Dean@dtaa.com,,26460,0
{R3D0-S7QY65UV-2034WESY},2011-01-05 12:21:15.0,BCD0482,Quamar.Otto.Padilla@dtaa.com,,,Beck.Colin.Dean@dtaa.com,,38609,0
{H2N1-N5CH66MI-6249UKQO},2011-01-05 18:40:21.0,BCD0482,Yardley.Caleb.Sawyer@dtaa.com;Benjamin.Nicholas.Clark@northropgrumman.com,,,Beck.Colin.Dean@dtaa.com,,22758,0
{U8O5-V1PB83BF-7586OIRG},2011-01-06 12:01:51.0,BCD0482,Molly.Eliana.Suarez@dtaa.com;Maite.Fay.Sheppard@bellsouth.net,,,Beck.Colin.Dean@dtaa.com,,23090,0
{M8O9-K8MR12VO-3487BAMQ},2011-01-06 13:55:53.0,BCD0482,Molly.Eliana.Suarez@dtaa.com;Elvis.Hamilton.Sandoval@dtaa.com;Hamilton.Donovan.Waller@dtaa.com,,,Beck.Colin.Dean@dtaa.com,,19870,0
{L6W6-R7GD15CN-3166UWTQ},2011-01-07 16:01:43.0,BCD0482,Jolene.Cameron.Jacobs@dtaa.com,,,Beck.Colin.Dean@dtaa.com,,29135,0
{W1F9-C0NL84VW-9569LSXW},2011-01-07 17:57:20.0,BCD0482,Irma.Liberty.Burns@dtaa.com,,,Beck.Colin.Dean@dtaa.com,,26693,0
{H6G0-Y3WK30SL-8041WJWC},2011-01-07 18:30:04.0,BCD0482,Yardley.Caleb.Sawyer@dtaa.com;Jaquelyn.September.David@dtaa.com;Irma.Liberty.Burns@dtaa.com;Jonas.Lyle.Adams@gmail.com,,,Beck.Colin.Dean@dtaa.com,,21570,0
{M5G3-D8BW75WC-4437PPLO},2011-01-10 15:50:12.0,BCD0482,Madaline.Alisa.Bond@dtaa.com,,,Beck.Colin.Dean@dtaa.com,,29441,0
{T5S6-Q3VH28YN-4436LZJZ},2011-01-10 18:53:22.0,BCD0482,Jonas.Lyle.Adams@gmail.com,,,Beck.Colin.Dean@dtaa.com,,37860,0
{U1D6-E2IR13UK-1532TPOH},2011-01-11 15:11:57.0,BCD0482,Beau.Giacomo.Chang@dtaa.com,,,Beck.Colin.Dean@dtaa.com,,15387,0
{R5F8-V2SA38OP-2937IPHN},2011-01-11 16:53:44.0,BCD0482,William.Vernon.Booth@dtaa.com,,,Beck.Colin.Dean@dtaa.com,,16225,0
{Z2H5-B1TO19VF-4133RLMH},2011-01-12 12:00:54.0,BCD0482,Abigail.Brianna.Terrell@dtaa.com;Blaine.Nora.Brown@dtaa.com;Davis.Gareth.Cote@dtaa.com,,,Beck.Colin.Dean@dtaa.com,,25039,1
{I8Z3-Q6WR10ZS-1925ZBOE},2011-01-12 16:26:35.0,BCD0482,Ferdinand.Leonard.Roth@dtaa.com,,,Beck.Colin.Dean@dtaa.com,,30054,0
{X1T8-X3AA93HX-4564DNAP},2011-01-12 18:28:18.0,BCD0482,Benjamin.Nicholas.Clark@northropgrumman.com,,,Beck.Colin.Dean@dtaa.com,,41760,0
{W1J2-L0CF08IT-7133HJCR},2011-01-13 09:45:52.0,BCD0482,Sybill.Mercedes.Golden@dtaa.com;Davis.Gareth.Cote@dtaa.com;Jolene.Cameron.Jacobs@dtaa.com,,,Beck.Colin.Dean@dtaa.com,,27050,1
{K4G1-S9EK98ER-0748PZRX},2011-01-13 14:55:18.0,BCD0482,Yardley.Caleb.Sawyer@dtaa.com;Jonas.Lyle.Adams@gmail.com,,,Beck.Colin.Dean@dtaa.com,,41227,0
{A0G1-C7PX96HX-7670BDBG},2011-01-14 13:33:53.0,BCD0482,Elvis.Hamilton.Sandoval@dtaa.com,,,Beck.Colin.Dean@dtaa.com,,25728,0
{E2L7-T4CH85MB-9527NKYB},2011-01-14 15:19:54.0,BCD0482,Sybill.Mercedes.Golden@dtaa.com;Yardley.Caleb.Sawyer@dtaa.com;Jonas.Lyle.Adams@gmail.com,,,Beck.Colin.Dean@dtaa.com,,31151,1
{J8R4-Z8OG48RR-7243SWUG},2011-01-14 19:17:53.0,BCD0482,Ferdinand.Leonard.Roth@dtaa.com;William.Vernon.Booth@dtaa.com;Cole.Dorian.Gibbs@dtaa.com,,,Beck.Colin.Dean@dtaa.com,,42547,0
{U1W9-O2ZQ70DS-3342HJIA},2011-01-17 11:39:42.0,BCD0482,Kane.Julian.Burgess@dtaa.com;Blaine.Nora.Brown@dtaa.com,,,Beck.Colin.Dean@dtaa.com,,23218,0
{Y4Z7-A9SB05LZ-4397FKCM},2011-01-17 15:41:28.0,BCD0482,Quamar.Otto.Padilla@dtaa.com;William.Vernon.Booth@dtaa.com,,,Beck.Colin.Dean@dtaa.com,,25583,2
{G7S9-I6GM54XW-1625WLNT},2011-01-17 17:11:45.0,BCD0482,Dorian.Samson.Randall@dtaa.com,,,Beck.Colin.Dean@dtaa.com,,15423,0
{B8J7-J8OJ04TL-3089MYBH},2011-01-18 12:11:07.0,BCD0482,Jaquelyn.September.David@dtaa.com;Kane.Julian.Burgess@dtaa.com;William.Vernon.Booth@dtaa.com,,,Beck.Colin.Dean@dtaa.com,,33669,0
{A7B8-O6HT80YI-9882XIBK},2011-01-18 15:29:14.0,BCD0482,Hamilton.Donovan.Waller@dtaa.com;Quyn.Tara.Patterson@dtaa.com,,,Beck.Colin.Dean@dtaa.com,,35982,0
{S2M9-F9YN67RT-8946HBKP},2011-01-19 09:18:49.0,BCD0482,Yardley.Caleb.Sawyer@dtaa.com,,,Beck.Colin.Dean@dtaa.com,,48389,1
{B7E4-S5OJ90LV-5218ZFZV},2011-01-19 13:38:36.0,BCD0482,Reuben.Hu.Preston@dtaa.com,,,Beck.Colin.Dean@dtaa.com,,32836,0
{Y4B6-Y6QP96OS-3677AVNK},2011-01-19 17:23:02.0,BCD0482,William.Vernon.Booth@dtaa.com,,,Beck.Colin.Dean@dtaa.com,,17678,1
{X1T9-K9HY41PF-0321VWHY},2011-01-20 09:49:35.0,BCD0482,Sybill.Mercedes.Golden@dtaa.com,,,Beck.Colin.Dean@dtaa.com,,14634,0
{F7L1-C7OD80MB-0435RBZV},2011-01-20 10:08:47.0,BCD0482,Malachi.Jakeem.Rush@dtaa.com,,,Beck.Colin.Dean@dtaa.com,,24978,0
{R7S5-C8FU14OF-6884SEUI},2011-01-20 17:59:01.0,BCD0482,Quamar.Otto.Padilla@dtaa.com;Davis.Gareth.Cote@dtaa.com;Benjamin.Nicholas.Clark@northropgrumman.com,,,Beck.Colin.Dean@dtaa.com,,27179,1
{X6B6-I8HD00CM-8744TANQ},2011-01-21 11:02:54.0,BCD0482,Malachi.Jakeem.Rush@dtaa.com;Quamar.Otto.Padilla@dtaa.com,,,Beck.Colin.Dean@dtaa.com,,17518,0
{X7D1-S0ZK13DZ-4049WSUR},2011-01-21 13:36:21.0,BCD0482,Sybill.Mercedes.Golden@dtaa.com,,,Beck.Colin.Dean@dtaa.com,,23644,0
{R9R5-Y0GL09KO-7595NKPE},2011-01-21 14:30:07.0,BCD0482,Joelle.Bryar.Carver@bellsouth.net,,,Beck.Colin.Dean@dtaa.com,,28518,0
{D0O2-R5MF46LO-0697NHQZ},2011-01-24 13:05:02.0,BCD0482,Benjamin.Nicholas.Clark@northropgrumman.com,,,Beck.Colin.Dean@dtaa.com,,30239,1
{P9U8-M7AU09NL-5478FQMI},2011-01-24 14:36:10.0,BCD0482,Irma.Liberty.Burns@dtaa.com,,,Beck.Colin.Dean@dtaa.com,,29581,0
{I4X2-W1ZH90TS-3252AYMY},2011-01-25 15:37:55.0,BCD0482,Malachi.Jakeem.Rush@dtaa.com;Lev.Malachi.Odom@hotmail.com,,,Beck.Colin.Dean@dtaa.com,,24862,0
{Z5L0-H5EH29BE-7610XTWD},2011-01-25 18:12:18.0,BCD0482,Cole.Dorian.Gibbs@dtaa.com;Hector.Jonah.Kim@dtaa.com,,,Beck.Colin.Dean@dtaa.com,,18943,0
{Z7F8-U4AO23TM-7388TFVP},2011-01-26 09:53:47.0,BCD0482,Hector.Jonah.Kim@dtaa.com,,,Beck.Colin.Dean@dtaa.com,,29249,0
{P7F8-Z6FG93DF-9891FTTB},2011-01-26 15:10:52.0,BCD0482,Sybill.Mercedes.Golden@dtaa.com;Quyn.Tara.Patterson@dtaa.com,,,Beck.Colin.Dean@dtaa.com,,25246,3
{X5M7-U9HD20MI-6741GQEA},2011-01-27 14:55:41.0,BCD0482,Yardley.Caleb.Sawyer@dtaa.com,,,Beck.Colin.Dean@dtaa.com,,25133,2
{X2N8-T1SR84QY-7033GVIF},2011-01-27 15:31:16.0,BCD0482,Lara.Melodie.Mosley@netzero.com,,,Beck.Colin.Dean@dtaa.com,,21592,0
{F4V7-T9EF58FQ-4103PTWS},2011-01-27 19:01:21.0,BCD0482,Cameron.Armando.Witt@dtaa.com;Sybill.Mercedes.Golden@dtaa.com,,,Beck.Colin.Dean@dtaa.com,,33666,1
{R8B8-H8RK90OZ-8013PAUF},2011-01-28 09:58:51.0,BCD0482,Kane.Julian.Burgess@dtaa.com,,,Beck.Colin.Dean@dtaa.com,,36936,0
{W1W7-Y4FR60ZB-4349PTIZ},2011-01-28 11:18:20.0,BCD0482,Merritt.Abbot.Salinas@dtaa.com,,,Beck.Colin.Dean@dtaa.com,,30975,0
{B3O2-S6CR27LB-3897NUOD},2011-01-28 12:58:32.0,BCD0482,Quamar.Otto.Padilla@dtaa.com;Jolene.Cameron.Jacobs@dtaa.com,,,Beck.Colin.Dean@dtaa.com,,18972,0
{V1U4-U8FW03WO-4562FAJF},2011-01-31 14:42:42.0,BCD0482,Yardley.Caleb.Sawyer@dtaa.com;Irma.Liberty.Burns@dtaa.com;Ferdinand.Leonard.Roth@dtaa.com,,,Beck.Colin.Dean@dtaa.com,,39668,1
{P0Y6-P9TV29PN-9897ZUPL},2011-01-31 15:24:55.0,BCD0482,Sybill.Mercedes.Golden@dtaa.com,,,Beck.Colin.Dean@dtaa.com,,47577,1
{G1Y0-Q7AQ65NW-6088TEOO},2011-01-31 16:46:07.0,BCD0482,Jolene.Cameron.Jacobs@dtaa.com,,,Beck.Colin.Dean@dtaa.com,,33641,0
{H7X0-Q6YB48RB-6155PYXR},2011-02-01 11:36:49.0,BCD0482,Malachi.Jakeem.Rush@dtaa.com;William.Vernon.Booth@dtaa.com;Molly.Eliana.Suarez@dtaa.com,,,Beck.Colin.Dean@dtaa.com,,19363,0
{W7Q0-P0QA44AA-0833SUFM},2011-02-01 11:52:10.0,BCD0482,Irma.Liberty.Burns@dtaa.com,,,Beck.Colin.Dean@dtaa.com,,39328,2
{Z5Q4-B8RQ83RJ-8064HIMK},2011-02-01 13:56:36.0,BCD0482,Hector.Jonah.Kim@dtaa.com;Vaughan.Xerxes.Anderson@dtaa.com;Cole.Dorian.Gibbs@dtaa.com,,,Beck.Colin.Dean@dtaa.com,,22250,1
{P7C2-L4PP32YS-1045MLEN},2011-02-02 09:40:52.0,BCD0482,Abigail.Brianna.Terrell@dtaa.com;Mark.Hayes.Rosales@northropgrumman.com,,,Beck.Colin.Dean@dtaa.com,,20449,0
{E9L8-A7RF67NK-4070BPQW},2011-02-02 12:10:35.0,BCD0482,Molly.Eliana.Suarez@dtaa.com,,,Beck.Colin.Dean@dtaa.com,,85078,0
{D0Z9-X8TN72VV-9549XZCT},2011-02-03 15:46:58.0,BCD0482,Sybill.Mercedes.Golden@dtaa.com;Quamar.Otto.Padilla@dtaa.com;Yardley.Caleb.Sawyer@dtaa.com;Quyn.Tara.Patterson@dtaa.com;Jaquelyn.September.David@dtaa.com,,,Beck.Colin.Dean@dtaa.com,,60793,1
{X1Z2-B9LL97EQ-8584RUXP},2011-02-03 16:29:54.0,BCD0482,Abigail.Brianna.Terrell@dtaa.com;William.Vernon.Booth@dtaa.com,,,Beck.Colin.Dean@dtaa.com,,33638,0
{F0D5-M1ZY18PS-3610UWIE},2011-02-04 15:47:37.0,BCD0482,Hector.Jonah.Kim@dtaa.com;Timothy.Deacon.Bates@dtaa.com,,,Beck.Colin.Dean@dtaa.com,,23892,0
{E7Z6-S7HH70UW-0109TVMH},2011-02-07 10:42:49.0,BCD0482,Sybill.Mercedes.Golden@dtaa.com,,,Beck.Colin.Dean@dtaa.com,,34058,0
{C5I2-X6BK46KO-4528OPCY},2011-02-07 12:37:16.0,BCD0482,Sybill.Mercedes.Golden@dtaa.com,,,Beck.Colin.Dean@dtaa.com,,20631,0
{Y6F0-L6GT27GW-2732CFNF},2011-02-07 16:25:14.0,BCD0482,Jaquelyn.September.David@dtaa.com,,,Beck.Colin.Dean@dtaa.com,,47915,0
{R3D3-I6CR43CR-5468KMIN},2011-02-08 10:01:09.0,BCD0482,Jonas.Lyle.Adams@gmail.com,,,Beck.Colin.Dean@dtaa.com,,25659,0
{O4F6-N5EE02GW-9464XTPS},2011-02-09 16:09:22.0,BCD0482,Cole.Dorian.Gibbs@dtaa.com,,,Beck.Colin.Dean@dtaa.com,,29437,0
{F3N3-N8FJ64LX-4749HETA},2011-02-10 11:40:03.0,BCD0482,Ferdinand.Leonard.Roth@dtaa.com,,,Beck.Colin.Dean@dtaa.com,,30025,0
{K5Q7-Q0EF11AB-7243YNOM},2011-02-10 12:46:13.0,BCD0482,Benedict.Ivan.Rowe@dtaa.com;Joelle.Bryar.Carver@bellsouth.net,,,Beck.Colin.Dean@dtaa.com,,17117,3
{C0J0-K7PQ39IC-9961BXYD},2011-02-10 18:19:38.0,BCD0482,Cole.Dorian.Gibbs@dtaa.com,,,Beck.Colin.Dean@dtaa.com,,26126,1
{O9M0-N4GT87CN-8720TIRV},2011-02-14 09:30:34.0,BCD0482,Hector.Jonah.Kim@dtaa.com;Patrick.Benjamin.Russo@verizon.net,,,Beck.Colin.Dean@dtaa.com,,25794,0
{B5F8-Q3EH39CB-7927CTFL},2011-02-14 14:23:23.0,BCD0482,Hector.Jonah.Kim@dtaa.com,,,Beck.Colin.Dean@dtaa.com,,26839,0
{H1E6-X1ZL95BT-1174HHGO},2011-02-15 14:02:07.0,BCD0482,Hamilton.Donovan.Waller@dtaa.com,,,Beck.Colin.Dean@dtaa.com,,34919,1
{A7O9-Z4TQ04LT-7344PIJQ},2011-02-15 14:52:14.0,BCD0482,Allegra.Mia.Pierce@dtaa.com,,,Beck.Colin.Dean@dtaa.com,,18407,0
{A2X1-W4GO09VJ-2381SOAD},2011-02-15 17:43:48.0,BCD0482,Kane.Julian.Burgess@dtaa.com;Blaine.Nora.Brown@dtaa.com,,,Beck.Colin.Dean@dtaa.com,,25338,1
{F0V2-L7OE85HD-0112APIK},2011-02-16 18:12:15.0,BCD0482,Blaine.Nora.Brown@dtaa.com,,,Beck.Colin.Dean@dtaa.com,,23719,0
{Z9D2-V9SG23NQ-4014PNRL},2011-02-16 18:33:53.0,BCD0482,Irma.Liberty.Burns@dtaa.com;Cole.Dorian.Gibbs@dtaa.com,,,Beck.Colin.Dean@dtaa.com,,27711,1
{A9D1-F6RS64EF-2808XLHS},2011-02-17 09:30:20.0,BCD0482,Abigail.Brianna.Terrell@dtaa.com,,,Beck.Colin.Dean@dtaa.com,,22078,0
{S8N7-K7IC18ZI-1579DMQU},2011-02-17 10:52:57.0,BCD0482,Hamilton.Donovan.Waller@dtaa.com;Blaine.Nora.Brown@dtaa.com,,,Beck.Colin.Dean@dtaa.com,,29275,0
{S7X2-E3SC21OG-0364QKIO},2011-02-17 15:07:23.0,BCD0482,Sybill.Mercedes.Golden@dtaa.com;Ignatius.Randall.Webster@dtaa.com;Quamar.Otto.Padilla@dtaa.com,,,Beck.Colin.Dean@dtaa.com,,68446,1
{F3Z5-R3AV26JE-3166JNNI},2011-02-18 15:16:11.0,BCD0482,Kane.Julian.Burgess@dtaa.com;Abigail.Brianna.Terrell@dtaa.com;Blaine.Nora.Brown@dtaa.com;Merritt.Abbot.Salinas@dtaa.com,,,Beck.Colin.Dean@dtaa.com,,23838,0
{R4F0-D7GP70ET-7679MQDS},2011-02-21 09:27:11.0,BCD0482,Malachi.Jakeem.Rush@dtaa.com,,,Beck.Colin.Dean@dtaa.com,,31984,0
{X4C8-R2PA42GW-6993JCBY},2011-02-21 11:16:19.0,BCD0482,Jaquelyn.September.David@dtaa.com;Quamar.Otto.Padilla@dtaa.com;Quyn.Tara.Patterson@dtaa.com;Lara.Melodie.Mosley@netzero.com,,,Beck.Colin.Dean@dtaa.com,,20642,0
{Q9Z6-J4RQ06MZ-5979TLDA},2011-02-21 15:17:19.0,BCD0482,Hamilton.Donovan.Waller@dtaa.com;Hector.Jonah.Kim@dtaa.com,,,Beck.Colin.Dean@dtaa.com,,45196,1
{I5L0-N1XK73IX-2465FFVY},2011-02-22 09:31:56.0,BCD0482,Hector.Jonah.Kim@dtaa.com,,,Beck.Colin.Dean@dtaa.com,,38238,2
{B4T5-Y7HT70ED-8334ZNHF},2011-02-22 10:31:12.0,BCD0482,William.Vernon.Booth@dtaa.com,,,Beck.Colin.Dean@dtaa.com,,17541,0
{L6E5-P0OG76OS-6819OQOM},2011-02-22 11:05:47.0,BCD0482,Herrod.Stewart.Monroe@dtaa.com,,,Beck.Colin.Dean@dtaa.com,,25880,1
{S6V1-U6AF96FJ-5049BNGD},2011-02-23 15:07:45.0,BCD0482,Quamar.Otto.Padilla@dtaa.com,,,Beck.Colin.Dean@dtaa.com,,27193,0
{T2R1-W6SX85RE-7221KIDM},2011-02-23 17:17:54.0,BCD0482,Abigail.Brianna.Terrell@dtaa.com,,,Beck.Colin.Dean@dtaa.com,,29840,0
{A9T3-Y8RH62CS-6915VGVA},2011-02-23 18:09:58.0,BCD0482,Blaine.Nora.Brown@dtaa.com,,,Beck.Colin.Dean@dtaa.com,,53681,0
{R0O4-A7ZH33UT-0789TODR},2011-02-24 09:34:54.0,BCD0482,Jaquelyn.September.David@dtaa.com;Abigail.Brianna.Terrell@dtaa.com,,,Beck.Colin.Dean@dtaa.com,,47394,1
{S4F9-S8NP42YR-4367SESW},2011-02-24 13:06:38.0,BCD0482,Hamilton.Donovan.Waller@dtaa.com,,,Beck.Colin.Dean@dtaa.com,,25026,1
{L6T0-G6AU61DT-0958JCEK},2011-02-25 10:05:52.0,BCD0482,Cole.Dorian.Gibbs@dtaa.com,,,Beck.Colin.Dean@dtaa.com,,23533,0
{A3F9-B1VS30GS-1782RCLS},2011-02-25 16:06:22.0,BCD0482,Sybill.Mercedes.Golden@dtaa.com;Lawrence.Mark.Harrington@dtaa.com,,,Beck.Colin.Dean@dtaa.com,,15998,1
{S5M1-R7FL04WE-6338PJKN},2011-02-25 17:58:00.0,BCD0482,Oscar.Simon.Terry@dtaa.com,,,Beck.Colin.Dean@dtaa.com,,31959,0
{M4G1-Q1LI18JB-8913NXAD},2011-02-28 10:08:10.0,BCD0482,Sybill.Mercedes.Golden@dtaa.com,,,Beck.Colin.Dean@dtaa.com,,18108,0
{O1H9-Y3XI13YG-8868QKLW},2011-02-28 12:29:22.0,BCD0482,Kane.Julian.Burgess@dtaa.com;Blaine.Nora.Brown@dtaa.com;Jonas.Lyle.Adams@gmail.com,,,Beck.Colin.Dean@dtaa.com,,45626,1
{V0V8-A6HP88BV-4761TAVY},2011-02-28 18:00:05.0,BCD0482,Sybill.Mercedes.Golden@dtaa.com;Irma.Liberty.Burns@dtaa.com;Lara.Melodie.Mosley@netzero.com;Jonas.Lyle.Adams@gmail.com,,,Beck.Colin.Dean@dtaa.com,,19180,1
{A2X9-J1UW52ND-5067PCAY},2011-03-01 09:47:05.0,BCD0482,William.Vernon.Booth@dtaa.com,,,Beck.Colin.Dean@dtaa.com,,43216,9
{Y7X2-Q2IJ98QB-0228KXIO},2011-03-01 13:37:55.0,BCD0482,Abigail.Brianna.Terrell@dtaa.com,,,Beck.Colin.Dean@dtaa.com,,44386,0
{D6O5-T9HM18YN-4644ZRGT},2011-03-01 17:15:56.0,BCD0482,Jolene.Cameron.Jacobs@dtaa.com,,,Beck.Colin.Dean@dtaa.com,,27932,0
{H7X9-H2VU00EU-6489XELU},2011-03-02 12:36:13.0,BCD0482,Jolene.Cameron.Jacobs@dtaa.com,,,Beck.Colin.Dean@dtaa.com,,30620,0
{T1R5-P8XJ34FE-5056ITNT},2011-03-02 19:05:31.0,BCD0482,Blaine.Nora.Brown@dtaa.com;Malachi.Jakeem.Rush@dtaa.com;Sybill.Mercedes.Golden@dtaa.com,,,Beck.Colin.Dean@dtaa.com,,36200,2
{F9G0-J6XP36HX-0572XQLG},2011-03-03 15:45:26.0,BCD0482,Hector.Jonah.Kim@dtaa.com;William.Vernon.Booth@dtaa.com;Elvis.Hamilton.Sandoval@dtaa.com,,,Beck.Colin.Dean@dtaa.com,,35785,1
{I5J6-D6BR29XS-6428IIKS},2011-03-03 15:55:39.0,BCD0482,Yardley.Caleb.Sawyer@dtaa.com,,,Beck.Colin.Dean@dtaa.com,,23273,0
{K6H7-N4UG42CI-6774LMDU},2011-03-03 19:04:15.0,BCD0482,Irma.Liberty.Burns@dtaa.com;Merritt.Abbot.Salinas@dtaa.com;Hector.Jonah.Kim@dtaa.com,,,Beck.Colin.Dean@dtaa.com,,36141,1
{G1W5-X9XZ56TJ-2648XHYQ},2011-03-04 11:13:10.0,BCD0482,Jaquelyn.September.David@dtaa.com;Sybill.Mercedes.Golden@dtaa.com;Benjamin.Nicholas.Clark@northropgrumman.com,,,Beck.Colin.Dean@dtaa.com,,18809,5
{G2E2-J5LT96WM-5760AHED},2011-03-04 17:48:05.0,BCD0482,Irma.Liberty.Burns@dtaa.com,,,Beck.Colin.Dean@dtaa.com,,23876,3
{B4C3-J3YV81SE-9988LPFR},2011-03-07 14:24:02.0,BCD0482,Hamilton.Donovan.Waller@dtaa.com,,,Beck.Colin.Dean@dtaa.com,,31974,0
{O1H0-Y0RS11UY-0295TDUU},2011-03-07 15:29:39.0,BCD0482,Quamar.Otto.Padilla@dtaa.com;Jonas.Lyle.Adams@gmail.com,,,Beck.Colin.Dean@dtaa.com,,28167,1
{X4T0-O7LL30UT-7935EEDU},2011-03-07 17:45:26.0,BCD0482,Hamilton.Donovan.Waller@dtaa.com,,,Beck.Colin.Dean@dtaa.com,,32481,0
{K0X7-D8OV97NU-4698SZFI},2011-03-08 11:20:12.0,BCD0482,Jaquelyn.September.David@dtaa.com;Merritt.Abbot.Salinas@dtaa.com;Edan.Quinn.Randolph@dtaa.com,,,Beck.Colin.Dean@dtaa.com,,28688,1
{N9W0-T1SR46EX-8812THZV},2011-03-08 13:45:32.0,BCD0482,Kane.Julian.Burgess@dtaa.com;Davis.Gareth.Cote@dtaa.com,,,Beck.Colin.Dean@dtaa.com,,38605,1
{B5P1-I7RF99PB-0138UDKC},2011-03-09 09:31:29.0,BCD0482,Jonas.Lyle.Adams@gmail.com,,,Beck.Colin.Dean@dtaa.com,,31838,0
{J3O9-I0QJ64VX-6083WBVO},2011-03-09 12:37:52.0,BCD0482,Benjamin.Nicholas.Clark@northropgrumman.com,,,Beck.Colin.Dean@dtaa.com,,26502,0
{A9X2-N9VP02US-1447LPOM},2011-03-09 15:51:26.0,BCD0482,Kane.Julian.Burgess@dtaa.com,,,Beck.Colin.Dean@dtaa.com,,33444,0
{L5D6-Q4QH32SJ-3843FIZM},2011-03-10 11:37:05.0,BCD0482,Cole.Dorian.Gibbs@dtaa.com;Quamar.Otto.Padilla@dtaa.com;Merritt.Abbot.Salinas@dtaa.com,,,Beck.Colin.Dean@dtaa.com,,42723,0
{Y3T2-G9SU78WW-2675NZLX},2011-03-10 17:52:09.0,BCD0482,Merritt.Abbot.Salinas@dtaa.com,,,Beck.Colin.Dean@dtaa.com,,20829,0
{Y4A6-Z7FX23RY-1741KXLS},2011-03-11 15:28:21.0,BCD0482,Blake.Quamar.Aguilar@comcast.net,,,Beck.Colin.Dean@dtaa.com,,50314,0
{V8I8-K3XO14KM-2361BAFB},2011-03-11 16:13:14.0,BCD0482,Kane.Julian.Burgess@dtaa.com,,,Beck.Colin.Dean@dtaa.com,,23330,0
{V2A6-A8RJ25BO-8450ZRYH},2011-03-14 10:30:25.0,BCD0482,Elvis.Hamilton.Sandoval@dtaa.com;Cole.Dorian.Gibbs@dtaa.com,,,Beck.Colin.Dean@dtaa.com,,20005,3
{U8Y3-E0SQ28XI-5967NOHD},2011-03-14 12:39:40.0,BCD0482,William.Vernon.Booth@dtaa.com,,,Beck.Colin.Dean@dtaa.com,,24901,0
{F2L7-T5ZR79BT-6177KHNF},2011-03-14 16:54:14.0,BCD0482,Irma.Liberty.Burns@dtaa.com,,,Beck.Colin.Dean@dtaa.com,,33301,0
{Y0H3-Q8PE87KG-5174MVGI},2011-03-15 10:12:10.0,BCD0482,Yardley.Caleb.Sawyer@dtaa.com;Hamilton.Donovan.Waller@dtaa.com,,,Beck.Colin.Dean@dtaa.com,,21989,3
{F0D1-U1HK22LA-3156YDQP},2011-03-15 13:53:54.0,BCD0482,Blaine.Nora.Brown@dtaa.com;Molly.Eliana.Suarez@dtaa.com;Lester.Elmo.Marquez@hp.com;Benjamin.Nicholas.Clark@northropgrumman.com,,,Beck.Colin.Dean@dtaa.com,,18993,0
{J0C6-C6IS68YX-2303KQQD},2011-03-15 14:25:28.0,BCD0482,Sybill.Mercedes.Golden@dtaa.com;Anika.Judith.Valentine@dtaa.com;Alden.Justin.Roberts@sbcglobal.net,,,Beck.Colin.Dean@dtaa.com,,15647,0
{V4K2-D2WJ64GH-7349HNQR},2011-03-16 09:22:43.0,BCD0482,Molly.Eliana.Suarez@dtaa.com;Joelle.Bryar.Carver@bellsouth.net,,,Beck.Colin.Dean@dtaa.com,,28830,0
{D1N3-I9AM47GL-2366DREA},2011-03-16 10:25:09.0,BCD0482,Elvis.Hamilton.Sandoval@dtaa.com,,,Beck.Colin.Dean@dtaa.com,,24518,0
{U9I1-F9AJ33NO-9991ONNG},2011-03-17 15:06:28.0,BCD0482,Molly.Eliana.Suarez@dtaa.com,,,Beck.Colin.Dean@dtaa.com,,45058,0
{R0S3-X4XC31PH-6418JIQW},2011-03-17 15:08:15.0,BCD0482,Merritt.Abbot.Salinas@dtaa.com;Irma.Liberty.Burns@dtaa.com,,,Beck.Colin.Dean@dtaa.com,,23905,2
{M1C2-U5WC71SZ-5923XVXM},2011-03-18 12:45:19.0,BCD0482,Yardley.Caleb.Sawyer@dtaa.com,,,Beck.Colin.Dean@dtaa.com,,27520,0
{N0H3-Y9ZG19PH-6077ALNF},2011-03-18 13:06:56.0,BCD0482,Norman.Levi.Bentley@dtaa.com;Molly.Eliana.Suarez@dtaa.com;Kane.Julian.Burgess@dtaa.com,,,Beck.Colin.Dean@dtaa.com,,24172,1
{W4C9-V8RF06DT-1890FSCW},2011-03-18 15:55:00.0,BCD0482,Maryam.Althea.Bird@dtaa.com,,,Beck.Colin.Dean@dtaa.com,,43773,1
{P7R1-O1RB38GI-1907QKTU},2011-03-21 11:37:16.0,BCD0482,Jaquelyn.September.David@dtaa.com;William.Vernon.Booth@dtaa.com;Cole.Dorian.Gibbs@dtaa.com,,,Beck.Colin.Dean@dtaa.com,,25532,2
{D3A6-G6XI32PS-2810DHMB},2011-03-22 11:19:04.0,BCD0482,Molly.Eliana.Suarez@dtaa.com,,,Beck.Colin.Dean@dtaa.com,,31143,0
{F7Z4-K0LM46KO-2764ABGY},2011-03-22 17:26:26.0,BCD0482,Jaquelyn.September.David@dtaa.com;Abigail.Brianna.Terrell@dtaa.com;Yardley.Caleb.Sawyer@dtaa.com,,,Beck.Colin.Dean@dtaa.com,,24562,1
{C5O3-P5OM57XQ-8137XIHV},2011-03-22 17:27:13.0,BCD0482,Cole.Dorian.Gibbs@dtaa.com;Yardley.Caleb.Sawyer@dtaa.com,,,Beck.Colin.Dean@dtaa.com,,32198,1
{Z0R4-A6AH53II-6233KUWH},2011-03-23 13:38:17.0,BCD0482,Kane.Julian.Burgess@dtaa.com;Abigail.Brianna.Terrell@dtaa.com,,,Beck.Colin.Dean@dtaa.com,,36904,0
{E4B6-C4FO55QZ-7389ORLK},2011-03-23 16:45:30.0,BCD0482,Abigail.Brianna.Terrell@dtaa.com;Jolene.Cameron.Jacobs@dtaa.com;Quamar.Otto.Padilla@dtaa.com;Joelle.Bryar.Carver@bellsouth.net,,,Beck.Colin.Dean@dtaa.com,,22564,1
{F2V3-V6OF21QP-9159XHQN},2011-03-24 13:49:50.0,BCD0482,Abigail.Brianna.Terrell@dtaa.com,,,Beck.Colin.Dean@dtaa.com,,50120,2
{J3F2-G3PG89DO-6788AGEP},2011-03-24 18:28:42.0,BCD0482,Merritt.Abbot.Salinas@dtaa.com;Lara.Melodie.Mosley@netzero.com;Robert.Kuame.Brady@raytheon.com,,,Beck.Colin.Dean@dtaa.com,,23632,2
{R7B5-P4XT48HW-4929BDKP},2011-03-25 09:34:01.0,BCD0482,Blaine.Nora.Brown@dtaa.com;Elvis.Hamilton.Sandoval@dtaa.com;Autumn.Shaeleigh.Fox@dtaa.com;Jonas.Lyle.Adams@gmail.com,,,Beck.Colin.Dean@dtaa.com,,25357,1
{C0K0-K9XP15TM-6318KAPV},2011-03-25 15:22:08.0,BCD0482,Hamilton.Donovan.Waller@dtaa.com,,,Beck.Colin.Dean@dtaa.com,,17672,0
{M7C6-K7AM54UX-0485PSQO},2011-03-25 18:49:45.0,BCD0482,Irma.Liberty.Burns@dtaa.com,,,Beck.Colin.Dean@dtaa.com,,56650,0
{P3U7-T4MF83PR-0331GCML},2011-03-28 09:41:16.0,BCD0482,Molly.Eliana.Suarez@dtaa.com;Abigail.Brianna.Terrell@dtaa.com;Elvis.Hamilton.Sandoval@dtaa.com,,,Beck.Colin.Dean@dtaa.com,,19990,1
{U5W7-W8PC50EF-2956AVOH},2011-03-28 11:46:28.0,BCD0482,Benjamin.Nicholas.Clark@northropgrumman.com,,,Beck.Colin.Dean@dtaa.com,,19165,0
{K2Y1-K6DW18CU-4599UKIL},2011-03-28 13:55:55.0,BCD0482,Hamilton.Donovan.Waller@dtaa.com;Quamar.Otto.Padilla@dtaa.com;Irma.Liberty.Burns@dtaa.com;William.Vernon.Booth@dtaa.com,,,Beck.Colin.Dean@dtaa.com,,34917,0
{Y2T5-B8LK33KK-8104FEDA},2011-03-29 12:29:12.0,BCD0482,Quyn.Tara.Patterson@dtaa.com;Louis.Calvin.Lancaster@boeing.com,,,Beck.Colin.Dean@dtaa.com,,27681,0
{V3T7-P7OL20HB-0255HGZH},2011-03-29 13:38:57.0,BCD0482,Christen.Portia.Solis@dtaa.com,,,Beck.Colin.Dean@dtaa.com,,23106,0
{Z8I5-T5HZ08UJ-4069GKBA},2011-03-30 13:13:48.0,BCD0482,Malachi.Jakeem.Rush@dtaa.com;Abigail.Brianna.Terrell@dtaa.com,,,Beck.Colin.Dean@dtaa.com,,44934,1
{C8B8-G6DD93MS-2695JXHS},2011-03-30 19:21:12.0,BCD0482,Cole.Dorian.Gibbs@dtaa.com,,,Beck.Colin.Dean@dtaa.com,,17496,0
{F2V1-B6PT39IB-2541CZUU},2011-03-31 12:12:05.0,BCD0482,Amela.Libby.Bird@dtaa.com,,,Beck.Colin.Dean@dtaa.com,,21745,0
{K8T4-J2LL99UW-6792JOTM},2011-03-31 16:06:55.0,BCD0482,Cole.Dorian.Gibbs@dtaa.com;Abigail.Brianna.Terrell@dtaa.com;Elvis.Hamilton.Sandoval@dtaa.com,,,Beck.Colin.Dean@dtaa.com,,60256,0
{T3K5-X1NE54CQ-6153NJLP},2011-04-01 09:26:20.0,BCD0482,Yardley.Caleb.Sawyer@dtaa.com;Malachi.Jakeem.Rush@dtaa.com;Cole.Dorian.Gibbs@dtaa.com;Kane.Julian.Burgess@dtaa.com,,,Beck.Colin.Dean@dtaa.com,,38459,1
{C0Z3-B2PL29AN-8478WIYS},2011-04-01 15:03:29.0,BCD0482,Maxwell.Mason.Osborne@dtaa.com;Sage.Hilda.Woodard@dtaa.com;Merritt.Abbot.Salinas@dtaa.com,,,Beck.Colin.Dean@dtaa.com,,28129,1
{F3A4-G1DN02SJ-2940QLBO},2011-04-01 16:11:14.0,BCD0482,Kane.Julian.Burgess@dtaa.com,,,Beck.Colin.Dean@dtaa.com,,33568,0
{N0P5-F9DO11AI-2014NJKY},2011-04-04 17:46:04.0,BCD0482,Jolene.Cameron.Jacobs@dtaa.com,,,Beck.Colin.Dean@dtaa.com,,47609,0
{S0T0-X7VU46MS-7027ZRSU},2011-04-04 18:28:55.0,BCD0482,Quyn.Tara.Patterson@dtaa.com;Christian.Thomas.Copeland@dtaa.com,,,Beck.Colin.Dean@dtaa.com,,23309,1
{S3V1-W6OY92QU-2555NALZ},2011-04-05 14:04:26.0,BCD0482,Quamar.Otto.Padilla@dtaa.com,,,Beck.Colin.Dean@dtaa.com,,17504,0
{A2R4-G6PX32WI-8787OQNQ},2011-04-05 15:42:28.0,BCD0482,Molly.Eliana.Suarez@dtaa.com;Emmanuel.Casey.Wiggins@dtaa.com,,,Beck.Colin.Dean@dtaa.com,,19273,1
{N9N9-N7QS43TO-4424POCP},2011-04-05 17:49:31.0,BCD0482,Davis.Gareth.Cote@dtaa.com;Jolene.Cameron.Jacobs@dtaa.com;Uriel.Kermit.Wall@dtaa.com,,,Beck.Colin.Dean@dtaa.com,,28124,1
{E1W3-X8SE10SP-5991SEVH},2011-04-06 09:54:03.0,BCD0482,Irma.Liberty.Burns@dtaa.com,,,Beck.Colin.Dean@dtaa.com,,44916,0
{W7K5-Q5FC24NJ-3200VOLD},2011-04-06 10:26:57.0,BCD0482,Sybill.Mercedes.Golden@dtaa.com,,,Beck.Colin.Dean@dtaa.com,,35415,0
{Y3M0-D6HZ89PA-4107ASMI},2011-04-06 13:17:54.0,BCD0482,Jaquelyn.September.David@dtaa.com,,,Beck.Colin.Dean@dtaa.com,,20289,0
{Q2Q7-I6EY32TY-6720FATC},2011-04-07 10:01:22.0,BCD0482,Irma.Liberty.Burns@dtaa.com,,,Beck.Colin.Dean@dtaa.com,,28583,0
{B1G5-E3GX66AU-7104ROPT},2011-04-07 11:17:56.0,BCD0482,Glenna.Leah.Holman@dtaa.com;Kevin.Laith.Fry@dtaa.com;Emerald.Glenna.Lester@dtaa.com,,,Beck.Colin.Dean@dtaa.com,,25467,0
{P5X8-B7WL40MC-0002ISTQ},2011-04-07 16:54:16.0,BCD0482,Jaquelyn.September.David@dtaa.com;Kane.Julian.Burgess@dtaa.com;Jonas.Lyle.Adams@gmail.com,,,Beck.Colin.Dean@dtaa.com,,19660,1
{T0I8-E6QO37OT-7721IOJK},2011-04-08 10:15:10.0,BCD0482,Hamilton.Donovan.Waller@dtaa.com;Yardley.Caleb.Sawyer@dtaa.com;Elvis.Hamilton.Sandoval@dtaa.com;Benjamin.Nicholas.Clark@northropgrumman.com,,,Beck.Colin.Dean@dtaa.com,,41680,3
{V9Z9-M4HT81YS-4183KGXT},2011-04-08 12:54:18.0,BCD0482,Dahlia.Alma.Alvarado@dtaa.com,,,Beck.Colin.Dean@dtaa.com,,29500,0
{F6C6-U7IV46UK-1345EEOH},2011-04-08 14:16:33.0,BCD0482,Yardley.Caleb.Sawyer@dtaa.com;Lara.Melodie.Mosley@netzero.com,,,Beck.Colin.Dean@dtaa.com,,20908,1
{B9G2-S1MY58BF-8895NDWS},2011-04-11 11:58:38.0,BCD0482,Blaine.Nora.Brown@dtaa.com;Alden.Justin.Roberts@sbcglobal.net,,,Beck.Colin.Dean@dtaa.com,,41039,1
{E2Q9-O5GY13NR-0904RLBN},2011-04-11 14:01:17.0,BCD0482,Blaine.Nora.Brown@dtaa.com,,,Beck.Colin.Dean@dtaa.com,,25569,0
{Z7D6-V7BG49GO-9980QBHV},2011-04-11 15:19:20.0,BCD0482,Irma.Liberty.Burns@dtaa.com,,,Beck.Colin.Dean@dtaa.com,,20636,0
{I9F5-S5NR00ER-8345XMQV},2011-04-12 11:20:56.0,BCD0482,Hamilton.Donovan.Waller@dtaa.com;Merritt.Abbot.Salinas@dtaa.com;Irma.Liberty.Burns@dtaa.com;Kenneth.Roth.Graves@harris.com,,,Beck.Colin.Dean@dtaa.com,,59462,1
{C0D3-P2XU38MM-8313ASWH},2011-04-12 16:54:55.0,BCD0482,Merritt.Abbot.Salinas@dtaa.com;Hector.Jonah.Kim@dtaa.com,,,Beck.Colin.Dean@dtaa.com,,31869,0
{Y8U4-W6TS08BL-9003LCOG},2011-04-12 17:08:09.0,BCD0482,Abigail.Brianna.Terrell@dtaa.com,,,Beck.Colin.Dean@dtaa.com,,29083,0
{L3E5-P4NU69CO-1036ROHR},2011-04-13 12:39:16.0,BCD0482,William.Vernon.Booth@dtaa.com,,,Beck.Colin.Dean@dtaa.com,,35468,4
{M7Q1-Q8BX32OJ-3779IATO},2011-04-13 13:10:56.0,BCD0482,Blaine.Nora.Brown@dtaa.com;Yardley.Caleb.Sawyer@dtaa.com;Benjamin.Nicholas.Clark@northropgrumman.com,,,Beck.Colin.Dean@dtaa.com,,25890,0
{Z7E8-M6MM64OR-9507SQUT},2011-04-14 13:34:12.0,BCD0482,William.Vernon.Booth@dtaa.com;Cole.Dorian.Gibbs@dtaa.com,,,Beck.Colin.Dean@dtaa.com,,28285,1
{E9G8-S1FW01LU-3728KAES},2011-04-14 15:20:05.0,BCD0482,Yardley.Caleb.Sawyer@dtaa.com;Abigail.Brianna.Terrell@dtaa.com;Hamilton.Donovan.Waller@dtaa.com,,,Beck.Colin.Dean@dtaa.com,,37688,1
{L2F2-Y6JE73LO-6737UKKL},2011-04-15 12:11:12.0,BCD0482,Elvis.Hamilton.Sandoval@dtaa.com,,,Beck.Colin.Dean@dtaa.com,,33599,0
{O5Z1-Q4JE51LC-5236QMKV},2011-04-15 16:16:44.0,BCD0482,Lara.Melodie.Mosley@netzero.com,,,Beck.Colin.Dean@dtaa.com,,18162,0
{F7O7-B1AN05WY-6018XGDL},2011-04-18 09:14:03.0,BCD0482,Armand.Norman.Oconnor@dtaa.com,,,Beck.Colin.Dean@dtaa.com,,28688,0
{C2Z6-C4HC16DX-7191GJAG},2011-04-18 14:23:29.0,BCD0482,Davis.Gareth.Cote@dtaa.com;Quamar.Otto.Padilla@dtaa.com;Benjamin.Nicholas.Clark@northropgrumman.com,,,Beck.Colin.Dean@dtaa.com,,17528,1
{T7G7-W8WS35JN-0287KLVE},2011-04-19 11:14:14.0,BCD0482,Lev.Colby.Pope@dtaa.com;Davis.Gareth.Cote@dtaa.com;Hector.Jonah.Kim@dtaa.com,,,Beck.Colin.Dean@dtaa.com,,23556,0
{O3S7-T6CX95QD-3903IOIB},2011-04-19 15:52:33.0,BCD0482,Hamilton.Donovan.Waller@dtaa.com;Merritt.Abbot.Salinas@dtaa.com,,,Beck.Colin.Dean@dtaa.com,,33447,1
{H0V6-Y3RP65NT-5945JVTP},2011-04-19 19:10:29.0,BCD0482,Yardley.Caleb.Sawyer@dtaa.com,,,Beck.Colin.Dean@dtaa.com,,22087,0
{T3O1-N9LU39PB-8968LZFZ},2011-04-20 12:14:12.0,BCD0482,Odessa.Hayley.Quinn@dtaa.com,,,Beck.Colin.Dean@dtaa.com,,38274,0
{X4S0-D3HQ98DL-0071DGZG},2011-04-20 13:51:28.0,BCD0482,Quyn.Tara.Patterson@dtaa.com;Merritt.Abbot.Salinas@dtaa.com,,,Beck.Colin.Dean@dtaa.com,,25180,2
{J1X1-U0CZ33KS-9115TGJC},2011-04-21 09:29:11.0,BCD0482,Jaquelyn.September.David@dtaa.com,,,Beck.Colin.Dean@dtaa.com,,30765,0
{G4K7-K1CQ24BW-3535NQCX},2011-04-21 16:35:06.0,BCD0482,Jaquelyn.September.David@dtaa.com;Malachi.Jakeem.Rush@dtaa.com;Quamar.Otto.Padilla@dtaa.com;Sybill.Mercedes.Golden@dtaa.com,,,Beck.Colin.Dean@dtaa.com,,38184,1
{U0R2-O1TE74PO-4701CTTV},2011-04-21 18:14:10.0,BCD0482,Elvis.Hamilton.Sandoval@dtaa.com;Benjamin.Nicholas.Clark@northropgrumman.com,,,Beck.Colin.Dean@dtaa.com,,32058,0
{U8R7-Y8IO11ZH-8400CBHO},2011-04-25 11:04:37.0,BCD0482,Ivy.Inez.Sharpe@dtaa.com;Merritt.Abbot.Salinas@dtaa.com,,,Beck.Colin.Dean@dtaa.com,,34159,2
{C2J5-U0VX18HX-6349MPTD},2011-04-25 15:46:07.0,BCD0482,Abigail.Brianna.Terrell@dtaa.com,,,Beck.Colin.Dean@dtaa.com,,34513,0
{V1W8-O5DG01ER-5393DBUX},2011-04-26 09:36:32.0,BCD0482,Davis.Gareth.Cote@dtaa.com;Jolene.Cameron.Jacobs@dtaa.com,,,Beck.Colin.Dean@dtaa.com,,45683,0
{S3A5-B0GQ60UY-1315QNGM},2011-04-26 16:43:59.0,BCD0482,Blaine.Nora.Brown@dtaa.com,,,Beck.Colin.Dean@dtaa.com,,36607,0
{H1Y1-M3YA48CD-7938LCHL},2011-04-27 10:26:17.0,BCD0482,Abigail.Brianna.Terrell@dtaa.com,,,Beck.Colin.Dean@dtaa.com,,31284,0
{N1M4-G3BQ61ZI-2306TRGW},2011-04-27 13:36:31.0,BCD0482,Quyn.Tara.Patterson@dtaa.com;Sybill.Mercedes.Golden@dtaa.com,,,Beck.Colin.Dean@dtaa.com,,28882,5
{X7J7-P4UB86JL-5920TVPJ},2011-04-27 15:14:52.0,BCD0482,Malachi.Jakeem.Rush@dtaa.com;Jonas.Lyle.Adams@gmail.com;Alden.Justin.Roberts@sbcglobal.net;Benjamin.Nicholas.Clark@northropgrumman.com,,,Beck.Colin.Dean@dtaa.com,,21237,1
{T7R1-G5IM72DS-2497PEPW},2011-04-28 11:32:09.0,BCD0482,Davis.Gareth.Cote@dtaa.com,,,Beck.Colin.Dean@dtaa.com,,24267,0
{T0G1-D3IS16BA-2391FZOL},2011-04-28 12:26:34.0,BCD0482,Burke.Rigel.Strong@dtaa.com,,,Beck.Colin.Dean@dtaa.com,,59253,0
{E7M4-V4ZX04SL-9879TXFY},2011-04-28 14:12:44.0,BCD0482,Jolene.Cameron.Jacobs@dtaa.com;William.Vernon.Booth@dtaa.com,,,Beck.Colin.Dean@dtaa.com,,23976,0
{J5U2-T3BP21IH-2145BNRA},2011-04-29 09:35:16.0,BCD0482,William.Vernon.Booth@dtaa.com,,,Beck.Colin.Dean@dtaa.com,,24094,0
{Y7A0-I9PX28IB-6979KZUR},2011-05-02 12:46:03.0,BCD0482,Abigail.Brianna.Terrell@dtaa.com,,,Beck.Colin.Dean@dtaa.com,,67014,0
{O5Q3-D1ZS85JH-4738ADJF},2011-05-02 16:56:45.0,BCD0482,Quamar.Otto.Padilla@dtaa.com;Merritt.Abbot.Salinas@dtaa.com,,,Beck.Colin.Dean@dtaa.com,,33007,0
{Z1L6-J3XU46RK-7917GLQB},2011-05-03 10:08:18.0,BCD0482,Merritt.Abbot.Salinas@dtaa.com,,,Beck.Colin.Dean@dtaa.com,,42246,0
{X0G7-W8LS44HG-0099EGBM},2011-05-03 11:35:27.0,BCD0482,Quyn.Tara.Patterson@dtaa.com;Sybill.Mercedes.Golden@dtaa.com,,,Beck.Colin.Dean@dtaa.com,,26178,0
{W0B9-B6YQ05IN-4803TFJG},2011-05-03 18:44:19.0,BCD0482,Yardley.Caleb.Sawyer@dtaa.com,,,Beck.Colin.Dean@dtaa.com,,31408,0
{U5O0-G0QT92VC-2518EWPQ},2011-05-04 11:03:35.0,BCD0482,Molly.Eliana.Suarez@dtaa.com,,,Beck.Colin.Dean@dtaa.com,,17398,0
{B3Q8-A5CJ12RD-8037VJAP},2011-05-04 11:59:24.0,BCD0482,Sybill.Mercedes.Golden@dtaa.com;Quyn.Tara.Patterson@dtaa.com,,,Beck.Colin.Dean@dtaa.com,,30894,0
{H5Q6-N8RF31ZI-0166SQGQ},2011-05-04 16:44:13.0,BCD0482,Elvis.Hamilton.Sandoval@dtaa.com,,,Beck.Colin.Dean@dtaa.com,,17178,0
{M6Q5-S6KS11NN-9780QHSA},2011-05-05 12:27:44.0,BCD0482,Hector.Jonah.Kim@dtaa.com,,,Beck.Colin.Dean@dtaa.com,,28323,0
{Y6J6-R2LN38CE-3041CMJM},2011-05-05 16:29:16.0,BCD0482,Laith.Griffith.Livingston@dtaa.com,,,Beck.Colin.Dean@dtaa.com,,12094,1
{I9J4-X1QU18YE-2623IIRO},2011-05-06 15:25:08.0,BCD0482,William.Vernon.Booth@dtaa.com,,,Beck.Colin.Dean@dtaa.com,,39662,0
{B5X8-O2OQ78JG-6866RQBI},2011-05-09 10:15:47.0,BCD0482,Quamar.Otto.Padilla@dtaa.com;William.Vernon.Booth@dtaa.com,,,Beck.Colin.Dean@dtaa.com,,38577,0
{L6D3-U9KX03KH-8240XBPP},2011-05-09 13:15:18.0,BCD0482,Cole.Dorian.Gibbs@dtaa.com,,,Beck.Colin.Dean@dtaa.com,,16398,0
{F8I5-H5OU39WN-4988RYQN},2011-05-10 09:35:57.0,BCD0482,Cole.Dorian.Gibbs@dtaa.com,,,Beck.Colin.Dean@dtaa.com,,24166,0
{B3H0-Z9YE88UF-1929GPMH},2011-05-10 13:29:37.0,BCD0482,Jaquelyn.September.David@dtaa.com,,,Beck.Colin.Dean@dtaa.com,,30790,0
{X2F0-E3GW55JP-2615YWGC},2011-05-10 15:00:03.0,BCD0482,Hector.Jonah.Kim@dtaa.com;Molly.Eliana.Suarez@dtaa.com,,,Beck.Colin.Dean@dtaa.com,,25843,0
{H5M7-A5PF42WC-7606IINB},2011-05-11 17:14:21.0,BCD0482,Sybill.Mercedes.Golden@dtaa.com;Quamar.Otto.Padilla@dtaa.com,,,Beck.Colin.Dean@dtaa.com,,51461,1
{F1D2-L7EB80OY-4745UEII},2011-05-11 17:50:11.0,BCD0482,Yardley.Caleb.Sawyer@dtaa.com,,,Beck.Colin.Dean@dtaa.com,,29079,0
{J0A5-D8CV82QW-7934RMZM},2011-05-11 18:00:03.0,BCD0482,Molly.Eliana.Suarez@dtaa.com,,,Beck.Colin.Dean@dtaa.com,,21687,0
{Z3N8-R8QZ35YL-3918DPGA},2011-05-12 15:02:07.0,BCD0482,Cassidy.Serina.Watson@dtaa.com,,,Beck.Colin.Dean@dtaa.com,,39671,0
{A3B8-D1IF18WU-6045RGDA},2011-05-12 17:57:30.0,BCD0482,Lara.Melodie.Mosley@netzero.com,,,Beck.Colin.Dean@dtaa.com,,48367,0
{M9L0-F5IP35AE-0611BDDZ},2011-05-13 15:00:42.0,BCD0482,Cole.Dorian.Gibbs@dtaa.com,,,Beck.Colin.Dean@dtaa.com,,26089,0
{P0Y2-R3QN37GI-3876DOAF},2011-05-13 15:33:13.0,BCD0482,Blaine.Nora.Brown@dtaa.com,,,Beck.Colin.Dean@dtaa.com,,31039,0
{E0E9-T5IS59IT-8451WVOF},2011-05-13 18:11:31.0,BCD0482,Hakeem.Herman.Buck@dtaa.com,,,Beck.Colin.Dean@dtaa.com,,30863,0
